2185886
742
1521
9733
9813
3524
4431
8643
13907
7188
3434
3888
3339
5629
10968
2001
12490
1316
9936
6130
9811
9775
7824
14019
649
4488
14110
1253
7932
6159
11009
12179
14072
11025
8924
7526
119
2643
13876
7250
7507
5844
2433
8000
7398
3240
7122
9553
1424
14194
20
12378
5461
11673
9976
7839
5336
14121
11207
12783
4835
8618
14172
14310
10096
9069
10282
3034
5945
3815
11037
12091
5042
13491
9643
12070
9646
3303
9941
6204
6591
10688
11908
1006
8283
1296
11881
10913
9647
875
11335
13067
7125
676
7672
1190
977
6909
12405
11776
4807
11051
8925
12516
12206
13453
615
11604
873
14512
12719
7576
10485
11360
12201
7668
11385
4262
2825
12967
13934
1889
8159
6184
4082
13957
5458
346
9225
1423
13114
8372
3743
9823
8246
6129
5001
12775
8390
2269
13456
7025
10838
3849
9885
3851
1962
6280
6830
2933
14883
14125
2239
4278
5503
5170
14948
5231
12009
14475
8350
12709
11406
14666
11638
3013
3526
2915
559
11796
6415
8189
14448
11506
13065
10666
1955
3058
14235
3775
4975
13393
13240
6073
11548
5695
4984
4422
13431
12899
4377
5621
11053
12407
8769
12752
10649
159
12416
13422
11502
1079
2362
5963
10767
4842
11797
13841
13720
6708
406
14486
7500
6551
1153
14510
7071
13534
8279
12809
1089
2009
10189
11339
1425
5826
10193
9701
6045
2940
2842
9805
4963
375
6086
10206
600
13777
671
3853
4480
10858
13761
4206
8578
5233
11800
3521
591
10748
1649
3552
9110
9633
11243
11523
3629
452
11772
4458
13541
8303
12634
11425
6157
644
10296
872
3668
110
11459
358
13076
12981
12355
13285
13591
1024
4391
13423
2133
1087
10509
11044
12766
11282
7002
557
6174
1828
14390
13987
5927
11484
2519
6939
4032
3371
12227
1099
14434
14127
10425
14330
6613
12006
5802
267
12059
12064
6145
10041
1195
12810
1230
6501
11370
115
3768
4893
9690
13543
5046
1434
2518
4544
317
7587
7724
14735
1018
738
732
14139
1012
3787
14514
6113
5313
3706
5454
10094
1422
12789
9995
3004
13732
1
8845
3184
13093
1370
14879
1533
7683
11812
3457
1086
13241
13584
11910
11952
14415
113
1453
9179
8895
12968
757
694
8861
9138
502
5156
1977
3290
5364
617
12637
2967
10257
1519
12432
14672
5959
9776
5643
13227
3721
7922
1626
6014
3972
6125
3156
8848
5796
11602
13826
10284
10047
6941
11045
6003
4909
3540
13536
2994
2839
313
2854
14780
511
675
682
101
114
7562
7168
14803
7323
14744
10080
8267
11262
13496
2927
739
6175
10278
11036
8347
4041
14334
9760
6393
3795
2397
10862
384
11333
2526
10672
10107
347
13401
3455
8885
14748
6078
2941
10072
13599
3465
735
13395
4745
11662
13721
10553
12428
5048
589
5742
11085
2937
1696
4864
2132
9632
14795
13794
10245
7525
6621
3708
12996
10115
13284
259
12223
9855
10321
328
12007
3030
4516
10681
11334
3151
536
1824
8771
4199
9763
2944
532
5715
1856
11600
9692
12859
734
11626
1013
12629
10381
12199
5508
13581
12004
3504
5762
13127
12173
10562
13679
13495
13762
6259
1913
14419
681
2550
386
12776
12488
14347
13483
5246
5912
13373
989
8459
8458
2084
13022
11300
12723
2844
6148
658
167
1524
11603
5843
7092
8557
1894
9208
8847
13400
14864
12261
13002
13394
584
2670
1780
3033
11559
1725
1888
12664
6684
3657
480
8507
2873
11641
1693
6099
8479
1488
4371
2995
13474
8226
10987
13713
4916
2405
5578
4201
13862
11564
12403
4903
3825
13703
13507
8696
13681
2339
2375
13368
2827
4926
5232
135
2396
12506
747
11070
2801
1487
8157
6948
10949
7003
714
3707
6170
1166
12151
7610
6158
12376
12377
1246
11665
8464
5441
3279
2803
2804
6419
164
575
12211
13205
9938
8623
1182
13476
9858
3263
3275
1070
2435
6639
5337
3470
10354
9439
1539
2922
7499
9798
3244
6408
9777
8604
13398
10687
13388
3350
325
7355
6093
7373
6502
10208
3230
14555
13387
4473
2879
7057
6151
4429
14717
14396
4121
3919
7076
10325
4403
9288
4850
10566
13503
13046
9111
10081
5784
10579
4959
4454
13606
15059
6676
4427
2855
12731
3636
10258
2911
12501
14020
546
11866
6596
13369
12995
3449
6680
13408
13231
2014
2018
5061
13519
3879
3177
9749
13045
7074
6284
13524
3892
6634
4955
10780
8173
5817
3594
3595
379
10412
6663
3463
459
8871
4043
4532
10554
2980
165
3152
3804
11971
7375
6271
39
8764
3991
2942
14109
11711
6067
6878
9737
4389
13516
7456
12063
5618
11707
8630
8270
3215
11503
6664
10252
1706
138
13933
6656
6579
544
14608
9783
10018
6535
269
6628
765
13819
4946
12150
8582
8324
11686
14004
475
9808
4860
13580
1152
13486
11046
287
7419
13642
14607
12853
12777
8558
9625
2920
9751
10845
1872
14069
2367
14116
4362
3772
14216
11350
15021
9385
3292
6945
5129
11550
13333
11989
12003
3130
14565
4936
3653
12327
3148
13094
8194
11048
722
3168
13722
11582
14885
14159
11010
3583
6554
5442
11097
1207
8835
4935
5972
7548
13095
12022
2820
1484
3204
13682
2516
2343
15022
11901
10739
2686
2715
5229
132
1313
9189
3866
5555
15105
3138
10779
7547
9734
13514
5228
8916
13535
3139
11337
13532
4515
7533
25
2027
11890
6108
2506
956
6109
13525
1879
11222
1722
2863
2373
7198
13559
764
99
13888
7436
8570
4674
14076
6765
1388
9762
6938
10525
11841
8477
8481
12703
285
8639
5202
9800
8199
8171
9953
1048
2236
6445
9792
13500
3880
6183
10355
3507
9123
8268
10066
14712
10163
13924
1876
7660
6177
11569
9822
10860
451
5368
13866
343
8833
10424
13242
13392
13077
306
9282
6481
3154
8407
8276
12611
5017
6637
8180
3239
12896
12390
14660
6328
10986
13014
14936
3253
10211
10909
4023
14576
10346
3238
9463
9369
8534
7950
14905
9651
1883
12174
2680
1402
3226
9667
8775
5050
9183
2877
13526
5016
5259
11185
12061
3229
12970
9869
10254
2919
3372
11031
6699
4081
7304
3513
13569
2542
15005
13146
8893
2061
9121
3098
14458
13881
14191
13705
12293
6107
12606
6042
3218
9668
9902
168
2950
5247
10281
13352
2056
6330
1298
4554
749
3975
11277
13704
9747
3566
100
11696
11738
14734
9851
5219
3525
5185
12678
5761
12052
12213
6616
3343
8153
6426
11445
12080
7344
3767
4004
1181
14947
9582
9698
180
8002
1155
2696
12957
3158
5015
5648
10697
5260
1409
9935
8723
12483
7756
3188
5839
4336
8886
8411
11679
1337
1340
13468
9104
5922
10256
1185
6989
6075
6402
6286
11178
15095
5962
40
534
2470
9293
12583
4067
503
3710
2329
9686
41
12357
307
8265
14082
13667
10238
3405
7088
3676
8322
3053
1051
14000
3641
6625
12738
6152
5827
13047
733
9190
13623
14865
1415
11921
2935
9261
8329
13494
8647
2924
14862
5258
13342
6994
11344
6654
10377
595
9200
11426
13113
4512
868
568
10264
10460
3413
11081
3872
11635
13684
3967
7269
281
13686
13206
1877
7438
8773
13952
7403
4954
15055
14740
6638
12146
162
10172
5811
10859
6117
6287
4055
5604
11739
3831
7222
97
5880
56
10823
7475
3829
5455
1534
3140
14208
262
7366
14600
4197
5045
2809
2000
9933
10967
4894
1870
7636
7401
9062
3064
1107
941
2700
1045
7346
5494
673
12566
3189
10285
10991
4337
9030
2831
11341
9325
12631
3376
5956
13829
12010
4164
2701
3698
645
641
9978
1038
9940
9996
9930
5763
12053
9287
8432
14536
393
2826
9719
7544
10065
736
12233
10263
4541
14708
2918
5034
8951
6285
8730
1527
3840
336
13382
7302
6649
13964
10356
970
8542
11043
4420
6997
2434
9188
6016
1163
3242
4392
7675
11191
9038
14346
14466
8842
5837
2720
8487
9042
345
7979
14360
5925
14094
1724
286
9019
1474
751
9057
12318
9891
10686
468
9459
12489
701
8383
4917
4925
7530
111
2530
5921
13680
15094
1251
14314
7529
1184
7224
8429
13169
13239
109
10229
6138
12032
404
13816
11712
5554
10255
482
474
8961
5729
8345
3864
1826
2878
221
7379
48
7152
4074
63
3788
8256
8183
12391
432
11905
2509
6302
2934
1169
4961
9998
3810
9119
14068
13501
9755
13201
11522
10159
14572
104
134
11355
2985
10908
4375
2538
7965
9466
14715
10455
9362
3323
3236
14107
3823
9820
13730
473
11369
8164
14778
11237
10861
10393
5849
1854
1016
7435
2947
10397
5923
8888
3088
9559
8498
166
2949
2076
12152
1355
5699
8127
3505
8665
14664
15010
5216
15050
553
12991
5474
4104
5445
4066
3974
672
7218
4132
2363
11770
578
3299
4854
3865
1511
14949
98
14126
1305
5928
2436
6665
10093
3704
9658
13499
9619
4684
9009
14753
11762
9010
264
102
13843
13848
2431
11904
14112
5911
220
5600
2956
3839
9622
5498
2350
14495
11242
2869
270
12397
12188
11584
6429
11583
21
10936
6515
11002
10077
7521
1940
1942
3582
3201
9331
669
9118
2100
288
3931
10013
106
4418
12404
1428
12710
7629
3496
9207
10042
3329
2394
6926
2374
214
14250
10357
761
14290
9607
5679
10846
2852
11798
123
5201
13455
13956
10775
5348
4259
3048
11498
10055
12949
2675
7556
1444
12725
5297
8973
2552
329
1306
13025
2672
446
4003
9746
10669
9450
2015
9700
11244
9120
6956
6448
14081
6449
541
8201
3270
3965
107
3111
13272
14500
10269
11340
5845
3237
869
14253
8468
8776
8200
10307
7364
9766
13902
1897
10028
7243
5760
13687
96
9236
13207
11373
6071
1929
5239
12480
1704
9286
6233
13864
11186
3803
10217
14683
13230
11500
3806
13199
2939
528
11898
6091
14618
5420
9365
8770
81
10335
10088
13903
9794
7611
7321
8185
9184
5505
11234
6635
1189
12353
9310
8877
13723
4765
7679
6149
2083
1040
2946
8968
10947
8317
2270
1885
6364
5122
8727
8694
5774
2904
3587
9058
6936
9721
3327
828
5563
13880
12066
7985
13785
1255
1476
10370
32
13552
12015
7760
14599
14145
103
6560
12910
4040
7685
8151
10948
14111
5338
12401
9205
626
9770
11899
5707
14492
2577
601
7944
14152
4048
3843
689
12413
6015
11011
7741
6087
10718
7290
8906
1297
8190
8318
12846
9137
1261
3178
13523
13208
14863
14554
3771
8702
14157
11448
5407
2569
12170
7036
7037
10933
3468
13813
12072
7029
7711
14586
10934
1050
11371
14233
140
12549
2828
8932
11441
12998
3287
6092
7634
4234
1427
9687
11663
5567
8667
16
3
6043
14367
7506
1541
6662
11059
13905
9543
10882
2370
14040
136
6047
14236
3797
10079
8752
7396
11179
13001
8709
2660
14218
36
3050
5674
1445
3852
14386
12612
5437
6977
9669
8605
10276
9
5223
7467
11722
10261
500
12941
3963
10214
3464
11499
112
12858
6167
12767
8228
9928
8531
2361
492
11658
7348
4459
6057
11896
14963
6150
11926
11088
3703
5638
4432
5013
10290
8353
9295
5776
11563
4419
12534
3212
6640
6626
1294
4428
1100
12107
9478
14556
6054
1493
10144
12847
6673
477
80
10668
8729
11052
8613
4991
6917
224
13140
556
13117
11455
6527
6100
3325
302
2395
6615
13945
10422
2992
11704
12458
10135
13330
14743
10427
8393
5032
9919
8918
2951
8160
8280
3682
13527
10670
3096
9249
35
12963
4863
6360
290
491
14158
170
555
2034
6630
55
3227
8926
8224
990
10343
3654
8019
6146
1232
465
8669
13007
8254
11483
9778
12312
2841
13596
6111
14444
8826
9484
6603
10279
6185
3045
6342
6932
6537
10922
6441
13836
3348
2829
1231
9915
481
3063
12739
11671
11013
6450
10275
13947
1753
9252
6896
9888
9916
8349
3699
1461
7916
3265
1137
6661
13885
3996
9011
5545
8915
12726
4690
940
9816
462
12535
9980
12962
8927
9782
3491
11279
3850
9806
1943
1944
11273
6218
3078
3490
14711
12802
8695
13021
14488
14130
14026
508
14370
5298
8423
8261
137
14188
2028
9049
10673
13229
6611
937
2513
11040
10113
9532
12415
10205
10805
9827
13066
9327
784
549
14467
10266
14714
3420
12679
448
10743
8646
5172
5011
9230
10212
11549
24
4374
10166
11424
14897
10804
7385
11086
15106
3631
7826
1416
1429
13078
3955
13652
7014
10742
7027
12609
7970
14464
3428
10966
1743
271
1096
2671
14266
14940
7484
10244
14754
10297
1849
2442
7310
1002
5398
1707
1005
4471
13139
1025
3344
5744
10345
3091
13151
10277
2559
4930
4221
13529
11162
2948
4054
14643
7461
2810
2541
12011
12785
3614
13629
8563
12067
8564
8165
4721
14840
7940
7606
13
13502
6120
3539
7528
9573
1622
2150
4876
10253
14895
7247
12971
12771
14903
9665
4341
14137
6444
12909
2926
14716
6293
6413
8609
14564
5462
783
9699
2495
13744
6421
9434
6430
561
12136
9761
2630
1454
1385
9446
1987
9602
11430
5666
11907
3518
8026
6769
4062
12147
7155
5617
3209
9803
7651
2266
11741
3261
9793
13753
12093
2327
2533
1265
13708
12387
8880
13874
13858
10347
4182
6850
9404
7633
3289
4229
5566
6103
6135
3262
5524
5525
6895
11404
5728
7623
7862
2432
4390
5072
3589
1821
13409
7075
3214
6195
3995
8326
12071
7630
9008
5311
3258
14142
2864
3090
9821
1757
9887
10267
9176
13849
13518
1658
14779
6121
6629
13910
2190
11593
7134
11883
3486
2404
14473
2043
884
395
9993
14089
8484
8907
5213
12
12508
4012
11212
5289
5615
8840
12319
10148
8115
2816
6383
5924
10806
13827
14944
8567
12014
13274
14904
8597
10472
415
2717
871
7946
7349
435
5851
4424
11082
6992
1315
11432
2128
14533
2127
10395
11155
13851
10841
1825
9531
8357
13115
2023
11839
5797
13622
2369
12297
1095
3702
161
11311
1927
8
14573
8625
9140
14747
7739
2025
5502
519
2664
11735
14709
14384
11299
4020
7413
7289
7242
15099
5130
7411
9174
9882
594
13497
679
9924
643
12351
6622
12411
355
8839
9914
10751
8191
657
7166
11558
13793
9706
10288
4044
7859
957
14138
14938
6777
9926
4724
3326
6897
13929
11267
7365
5027
3541
1430
2058
4181
12337
3626
1273
10705
10679
2413
3379
370
11098
8100
12540
5211
5641
11442
8881
11135
10316
10226
5716
5714
13928
9616
1603
6814
4796
11034
2520
8351
289
15097
1353
8203
11466
4786
13421
3196
13783
1607
12073
13709
10563
11049
12965
11553
12538
6687
5938
4694
6774
14601
853
14451
7069
1209
10871
11060
11852
13908
5513
13132
11657
5476
13856
12681
2146
3962
5396
11819
7621
14395
11018
11561
2903
13637
219
3671
1426
3674
12132
2787
12532
300
5689
9256
10878
9937
13893
14476
9634
2480
8344
8375
15096
3298
9036
13814
3203
5389
9004
62
6012
9856
9012
5255
8795
4919
1236
9124
8664
14406
6217
11987
3586
14176
9427
6142
8911
1339
12033
6155
2464
3929
9298
4080
1878
7720
2168
7604
372
14105
11474
1827
10224
5329
11232
6405
12058
10793
12095
14241
12120
10581
2035
10456
1015
9260
10306
5785
3195
11038
12083
13778
12697
1421
9238
12613
10198
13786
4183
420
3824
3308
9234
13871
13315
11988
11215
14582
13147
2512
9264
12125
240
12106
12907
12121
11838
3474
2846
7239
13561
6483
7554
141
222
14579
3485
12672
9645
11364
338
4732
2507
11400
3529
9664
8271
14563
12747
11319
9458
2638
467
7097
10768
10020
38
11248
11667
3132
9006
1241
15108
9275
12104
10835
11931
7888
12518
9007
9005
14457
768
3848
5291
7622
11537
3206
10328
12167
6574
1839
9218
11190
11727
1435
2317
5254
8373
2366
9314
7351
3608
9035
3105
13868
13348
12756
12012
14316
9644
5552
8624
11464
4033
6898
7477
1819
7353
11283
6344
13869
1177
9280
11729
3754
6112
8478
10605
5576
11471
8959
11469
2531
13901
10825
8509
893
11833
7569
3205
8301
10085
11568
1699
3783
254
2823
7181
2568
9943
1832
11953
12693
4511
10608
5433
1473
8963
4150
12750
10693
7380
8138
6363
5685
3515
3618
14095
582
13767
3592
8355
8935
7812
8022
8215
311
6122
7329
2909
12031
2712
14517
5326
11912
5269
5664
11315
2840
13837
3400
7807
12185
11274
82
1612
629
6090
14108
13042
11214
2198
9947
3857
2002
3234
6110
680
9756
13288
9216
8264
14521
7454
2089
12321
13618
15035
3813
9618
12069
11208
11380
7522
7627
10067
5417
3183
9931
5510
5118
10431
14100
1257
6115
12964
340
10444
326
3693
10280
8940
4941
4179
9422
13118
9832
14097
12580
11985
12999
13286
14291
11868
5650
3922
5006
2901
9235
3356
5651
13755
6648
10856
11867
9278
2890
5493
6371
9738
5537
13381
10573
9771
4996
14515
3161
2504
9309
2511
6163
8266
14101
13452
6162
4321
12399
5405
483
3981
1199
12474
11041
7509
13894
1886
8811
5543
12302
908
13828
17
4357
1259
14140
5655
5270
13669
3621
7354
14154
7531
9819
1304
5523
2242
1382
6787
852
9248
13214
3035
298
14031
1760
9212
4340
3190
7958
14001
12287
5730
10071
11873
10070
11640
6496
5665
9972
12966
3367
3601
7106
14122
11452
3283
12129
11330
7016
3394
6283
10849
1599
9454
9812
3572
9279
244
11451
8336
13153
10830
10684
5169
3338
7300
11685
6013
13809
2970
11450
7022
5519
10268
126
7402
12268
10869
5450
3675
8960
9824
13178
13781
7991
8537
10215
8510
6686
13282
3697
11467
6479
12994
6173
13664
14969
8205
13883
14155
4519
9554
8371
9548
3097
4129
5953
5010
7646
11387
5331
1049
11235
1115
3581
2893
11444
8539
13137
861
6972
2401
1336
9642
3225
13470
10736
899
9363
6689
11555
14207
2368
3133
4151
5981
9927
9837
5646
9063
453
7959
14761
9838
5360
5823
3025
10920
10907
5285
9630
12216
10734
13100
10867
1308
2631
5319
3953
4923
6137
11127
12145
14592
3427
6136
11438
6230
12692
2310
987
14170
12615
2750
8296
4250
11412
1210
6134
7555
10075
10609
8497
1867
4847
6609
8685
13766
8755
5771
9934
2551
6798
1383
14804
1961
7358
5438
5410
7510
8708
11080
3812
4455
8802
3219
6685
342
11876
5726
5126
6929
13041
4846
14662
6659
1969
4095
3916
9857
3705
9714
8312
12239
8272
9741
12258
8262
12951
11677
7422
855
8878
4944
2238
4034
14153
520
4717
5588
11211
8675
1869
737
3250
12513
13579
10468
7446
8292
1916
2914
2687
5561
9277
6813
6089
4404
14192
5620
12392
10341
13624
5153
9202
6959
13685
3667
6998
8221
14106
3357
8104
10315
6165
7703
13724
10353
8772
13815
3313
4011
13882
3565
13154
12808
9311
11748
14086
268
12113
4425
494
1151
9829
2943
7712
7286
6641
14469
10314
3585
5224
5492
5401
37
4486
5698
7977
13430
13646
2011
8269
9791
2120
8263
14459
6160
11168
14523
8163
6706
8285
12973
12467
2972
14606
10854
4053
6807
6700
4781
279
9116
14269
7236
9276
2984
1960
8598
4742
14114
6783
11389
8568
1807
10836
7841
7559
995
15109
7987
3021
4668
1186
10045
887
8717
14371
4924
8759
1083
3557
5108
4921
3207
9636
3561
2545
3320
3026
6577
12774
13800
6102
3670
3914
128
11114
1285
8340
8789
9932
6666
9846
4024
11543
3915
14835
9744
6493
870
2481
12601
12420
11724
10707
13485
3501
13857
11855
2097
10874
882
8428
4135
43
9870
2422
1718
2212
8377
6246
7928
7553
12144
6427
4855
14479
5237
8511
1871
5952
5497
7476
12359
5935
13505
12360
3632
10840
12482
7173
9659
9374
9547
3065
9399
11856
11084
3077
2490
9697
1263
5205
4319
11100
2280
1980
1831
27
10
1463
9220
15087
2285
5478
10900
6529
11734
1529
5910
5268
11938
5644
9968
10373
7357
11902
5435
10153
3628
10194
743
14550
9865
11893
6420
7026
14035
533
13058
3512
9975
14214
13088
7471
9653
14022
13340
5691
7034
4951
12464
13873
8787
11119
10003
3467
13180
5468
3437
7988
8991
1131
5645
1165
11920
1694
10716
9274
2062
13004
3969
8048
2457
8178
4101
13133
5616
6133
3336
2444
11264
153
12180
14631
7640
12305
14551
12366
6694
5553
6550
8141
11210
13742
5443
13620
6079
9850
9479
4021
5640
3514
1116
1023
2462
8633
705
9773
6688
11840
5339
883
10089
8370
6060
8500
6693
719
8378
7538
10754
12425
19
12635
10813
9874
7693
2783
9703
9739
5057
9420
3450
186
229
5687
6378
9702
14603
8891
3798
9401
9098
8716
12673
12347
14797
9360
2888
881
8944
14240
3562
3222
1574
3912
7980
1084
324
127
3910
3599
1196
888
5677
3911
2558
3690
5610
2654
14141
14611
2688
3017
13437
8533
188
8023
4928
4128
2974
5083
1204
4049
10286
182
1191
12209
8659
3522
4660
3598
1745
5697
611
1758
8094
14713
3259
7511
6849
11189
3288
8689
3696
2166
2684
236
12591
3440
5186
14311
7130
13338
3260
5926
10927
5388
13446
4496
13838
5556
3046
13840
14946
5694
14834
4027
10696
11342
13152
1197
1884
8168
2430
125
12105
4756
6791
11390
14470
10508
18
3964
11814
13768
8843
10434
5056
5649
241
2075
2936
14123
10499
2847
14471
4301
10462
10185
11863
11766
13750
6650
12524
3300
13270
10492
10143
6644
14569
10559
10366
3564
716
13225
3417
10990
3718
7205
3220
6543
6482
9307
12522
10479
2202
4953
6051
4159
84
13820
10327
501
13509
5321
12888
10246
766
3684
12661
13927
2006
7882
11935
2042
10753
2872
9799
8068
3622
13729
12463
9575
3038
10544
9765
1056
13520
7246
3331
11083
4889
13619
8227
13187
3248
14955
7626
1262
13562
6432
11140
4986
8275
11321
3319
1282
12001
5334
2288
7615
3112
6817
9742
4804
8687
4669
10087
10890
4673
9640
11357
8853
2324
4514
11047
12798
9979
2487
9509
2455
2275
8750
3766
12286
6927
5008
13482
13414
12016
3830
11605
12539
14710
3198
12974
13636
412
13906
14759
11554
3908
12557
4911
15063
14210
14700
693
10348
10249
1198
13749
3652
4970
616
631
11394
5133
13273
9588
6011
11352
9400
8202
14143
11556
1668
11809
12545
2031
1537
13833
9817
1398
14604
10811
6161
9631
490
8760
7449
14120
12225
8313
14166
12400
12122
1669
5688
5415
6931
6531
5359
9704
5431
11885
1863
5007
4505
12486
1986
9405
14402
1513
1721
10997
9713
5509
12787
8713
5996
14084
443
5375
11660
1823
8778
8491
4405
5955
1052
5296
1939
13351
6993
6884
2439
13177
10385
11777
3194
946
8406
7975
11101
12133
7033
10677
8606
2880
4009
331
13897
1224
7183
5939
1514
11642
3484
10182
3274
5895
10550
6171
184
8469
14782
9471
6470
8369
3031
4127
3328
14223
6083
6082
12936
13344
2252
526
5994
10484
9987
14958
5306
8990
2500
3574
2589
5265
5560
11508
12243
11118
3285
6719
9257
10300
8610
14615
6572
10002
1654
2008
8244
8856
13625
4352
7794
4384
1098
8758
7976
7021
6168
6784
5684
7936
5661
5960
13797
7201
1928
9469
7564
7527
14165
12448
4286
9451
12155
12449
2527
9720
5222
2529
7844
5263
6627
2461
14800
11236
8174
11173
11799
14793
3944
10764
3998
952
8465
11573
13204
14598
3928
158
8879
12507
407
12503
2271
2629
11942
12882
12470
13909
5459
2889
12154
4938
14566
13830
13867
4910
14119
11405
2706
8890
7434
1756
7501
4551
4007
9864
5980
3907
466
9637
391
9356
3182
1868
6326
10150
12060
12576
3324
9639
9358
12439
6764
15060
5164
3909
7933
1414
8946
13310
8978
4662
1968
14169
3284
2917
8522
2466
3213
8887
545
11614
4775
9423
12961
5012
1139
8521
14079
11317
9308
12713
6451
5627
13186
10977
431
5230
13818
12090
14619
7005
12975
4057
2539
2674
8560
9649
3126
10511
13663
9695
1281
6541
5059
4918
8456
7887
6943
5886
8620
8619
4078
2892
874
3167
12328
14090
6647
6127
7266
2871
9301
10567
3793
14450
8648
7684
8144
9106
13875
7023
10177
8281
13852
558
13361
8950
1639
8398
3489
13982
4318
564
1244
5144
5346
9129
13200
14796
12577
14030
11713
14908
10741
1714
862
10784
4022
7545
12778
6668
1695
2833
11527
14935
6894
5250
14794
13158
3837
4494
4224
12301
12141
12128
11209
4423
1054
3983
14294
3378
4288
6461
9142
7960
10151
10778
14478
9221
5307
7523
13831
11497
5741
4308
449
6300
4163
8162
6801
12797
6452
8166
12272
11152
11172
2521
2742
7395
8705
10756
3556
11410
1292
5682
4134
8170
1922
13775
3127
5301
9913
6143
3968
11395
1247
13313
13984
9707
2346
12247
2458
11005
3086
8712
1001
11889
408
10770
13796
1030
10349
1921
8934
319
11066
5903
9411
12395
7238
9942
6522
7237
9181
8962
3786
9982
8561
10832
1201
13544
14836
5358
10787
6882
8541
13237
6425
9355
9635
11166
12112
949
10125
14832
706
10241
13884
297
11661
5003
13083
10769
12628
1995
3191
10877
13269
7157
6612
7934
3224
6610
14956
13442
864
10333
310
14665
8608
6066
1057
2747
1813
7376
4144
399
9508
1250
12509
5457
936
10295
12521
10289
2785
4344
688
6040
11182
8535
11647
1309
9814
11111
9455
1279
8524
6144
2587
14686
1672
9839
3452
1148
8855
14382
865
9973
12791
5063
5671
3200
1783
9487
1993
9624
9437
8532
12412
9393
9684
6041
7343
8938
8965
3954
6976
1114
858
11309
11149
13860
6555
3997
2328
13420
58
10483
2345
12324
9969
11678
5449
6309
6447
7062
3145
6035
7618
15098
332
10330
9180
5309
11710
13550
3519
7098
1073
13578
2059
9764
6039
14098
312
8486
2881
5082
9836
9470
14446
1222
5312
2952
7803
11778
12234
1193
8972
12235
3549
8177
3340
8176
14543
7307
11567
9994
7308
12700
4131
12257
4447
9717
12118
3040
4760
8931
6440
8206
11759
9758
9432
7524
4136
10344
13917
2498
4481
5168
3569
14537
8818
9790
9445
2474
5942
565
978
1162
139
11544
10561
9017
1765
1983
9029
14945
12299
4487
8784
7793
5548
8641
314
1331
3591
10870
12499
5184
8331
1873
954
13457
5191
6480
11307
275
12530
5888
4231
7497
1667
6877
5969
1866
7860
11050
8172
12684
7512
6697
7780
14408
2296
3217
10219
1728
8222
9666
550
6499
9402
7984
11601
6590
11768
13919
14452
5203
7142
7783
6536
3623
9101
9925
5574
8846
9830
5024
4752
6349
323
8686
7161
1318
11897
12468
6786
5354
14455
3600
11054
4002
4406
5088
3794
14023
3362
10441
9473
2556
13425
12008
11032
6934
2848
10951
13517
6197
2837
12598
14156
6473
8167
7267
6915
13300
9171
5624
14629
8284
3940
1291
14196
11201
14859
5700
13171
441
5777
11749
12263
13172
8278
6646
14180
12515
14950
8867
12610
8277
7287
8020
13533
12593
7244
2019
258
10794
8274
8286
5686
14096
8559
7750
4738
13531
12331
10265
8298
2026
5759
105
12587
8361
10703
9906
608
10694
12976
3363
517
3070
9825
14007
2030
8636
9804
3469
518
6308
3555
1200
14355
7866
3989
3961
3666
5194
7445
11142
3264
9109
5101
1818
11944
8169
9379
674
3291
12690
12074
12960
7167
6958
5758
662
6528
3216
9428
13049
659
5299
12886
14230
14087
2514
7877
7557
9833
10971
9467
10916
14150
10852
1578
2632
489
10165
11552
7792
9537
9842
11551
9375
13585
691
1268
6431
6064
2636
9555
7631
10262
8850
12075
5064
3147
9462
5220
13176
1192
4343
8490
1159
967
7040
2666
8137
15018
7342
8093
7784
8714
13318
10433
939
1865
3081
3271
1767
13601
8520
6881
2157
2908
3407
2648
1738
4090
1923
14117
13560
6842
4122
11853
8125
13789
14773
6132
12883
14577
12881
4123
3095
11611
13418
11634
2894
1791
10124
13429
1342
1146
9453
12054
8389
2441
13896
14088
11507
8426
14961
8897
13564
2402
9210
9034
745
1992
12262
9519
7487
9520
3487
2534
5361
10372
14593
5132
7486
2243
7350
8343
3009
8337
14036
9435
7791
10313
8489
8069
8207
6614
7532
12874
3373
7747
442
13445
6587
12298
7614
10873
6172
5531
3307
11269
10906
2274
5148
12323
2267
8096
14612
4744
5266
6568
4755
4966
8332
1647
10540
10320
14033
9990
9726
9413
10549
4109
11255
11946
14144
3545
5520
13904
12176
1937
7028
1277
4056
10196
9061
6681
5642
9810
2341
9056
5734
8405
11576
2326
3937
12706
6497
12735
13586
11914
5735
2386
1008
3499
13469
486
144
8860
7496
8323
4482
6361
7369
3369
6106
5073
14983
3861
14627
6356
1617
6357
2797
1249
11199
1766
3590
1802
8703
10304
8986
8822
14445
8894
8800
2007
7921
8790
1794
150
9545
9339
7091
1542
3497
10035
12517
6409
6573
8130
10476
2258
14391
2240
14614
3994
5628
9650
6516
9368
5022
6471
2957
2425
1492
3970
11440
8232
3169
1011
8574
9893
6065
8970
10404
1874
7972
1145
9826
5919
11306
9464
3235
10972
9681
8626
1093
2634
10785
3044
1039
4
5838
6025
6085
13847
4158
11854
9831
604
3739
6433
9345
5093
7813
11259
4831
13784
640
14941
9728
12005
4051
2044
570
9613
2021
8884
12840
13196
12972
4679
1989
12969
11069
12134
5376
3986
6346
10442
5367
7834
577
13479
14173
83
2156
9391
4820
2861
12479
11874
8651
7165
14187
8282
11419
13899
4950
10493
4421
5379
7024
9722
12115
10810
11990
10755
571
3254
14301
14722
8258
7382
1711
12445
8841
50
586
4085
2870
13209
10452
10809
11485
3905
2603
5753
7709
12267
11656
8957
12114
4052
12751
14520
10495
12794
5344
9203
3576
3938
11328
12334
13511
8922
5564
5722
9315
11384
11170
2616
3162
7558
8385
11134
5918
13707
12872
14369
4339
11773
7829
2976
13281
5447
612
484
4705
11456
14819
5890
11167
5575
11511
637
9414
5832
11531
11039
574
12410
11813
12683
663
1278
1618
6513
1938
9997
4167
10706
266
3563
9344
14699
3709
11266
14075
13567
9097
14129
576
12284
6388
6024
9077
2029
5009
9748
9426
11725
7962
8814
154
11928
2867
6494
6847
14015
11659
2191
1205
12743
5489
6974
4937
1733
7534
2619
472
12212
14133
9752
12408
8967
2698
9845
2486
8616
2342
12135
12959
880
587
3790
9516
8577
1652
1763
7340
11014
13853
14590
2465
9386
9680
6903
7596
7978
6384
11378
6556
4105
3877
14219
10414
8499
3023
7010
4037
8359
6520
2798
8753
10978
13556
14118
8128
5667
5218
373
1082
8943
6374
3208
9677
2555
8883
7818
394
7881
10969
6423
1538
6690
5701
13441
8213
1833
6986
14206
1007
4920
7019
10879
5979
11585
13451
8796
6525
943
1610
9031
7068
3985
1412
1531
1565
2748
2588
9673
1144
6561
5798
13926
1076
1091
11129
5609
2644
9652
839
6375
2824
12657
10988
6790
9141
9974
4342
12275
1891
9725
1343
8904
14609
527
11310
11672
5058
9992
6563
12586
2251
12037
6320
4256
7884
3286
3488
1256
14453
13450
9549
2705
5756
2301
13341
12303
8899
10435
837
11139
14626
857
14454
5940
7054
8859
14552
42
10604
9617
5514
8551
2738
9533
5500
540
12338
26
14224
13692
405
7421
7468
5236
14078
6678
13734
11035
3349
953
7056
13188
8462
9341
7191
7123
9859
10324
11492
14197
6580
845
14763
8858
13557
6387
11566
6907
9474
13598
13554
12394
3395
5613
9196
3049
6339
439
6540
15024
5721
14225
9674
9383
6006
5884
13530
2337
3832
5958
12602
2129
6186
5310
5964
5902
11676
3957
5654
3211
9051
7444
744
4260
239
5069
5363
1275
4875
2525
513
5920
3129
3530
7811
11433
1671
13683
4417
9638
2079
11125
634
14695
10837
2882
9343
5670
3932
3664
3547
6367
8803
14509
1293
11909
9676
847
14767
13490
9818
8447
5416
1064
927
5696
14746
8461
14335
11192
5020
8602
4173
2540
11308
14937
4175
12398
900
10273
7624
12871
5595
3043
8327
14168
5587
13617
4382
5140
1404
3042
8352
6492
552
2955
11632
175
13370
13160
4824
10752
12283
8513
2912
10619
8466
12680
12477
6037
6310
6214
13120
10842
13378
9570
13228
11775
7748
665
5139
7745
1335
6191
1321
10463
12514
1014
13467
5656
13247
3451
4942
13362
7101
5345
14423
4816
10062
1384
2768
10329
1483
13336
11932
9897
9710
2989
13224
10772
13542
7697
8231
418
11730
5486
11945
4929
8909
0
6851
8849
5096
9847
9126
13082
11113
1708
6301
3249
14506
2973
2112
8780
13020
5092
909
3076
4827
3429
9322
9727
14275
13335
7055
1026
13223
7998
8363
13161
2778
4725
10338
13005
8555
12854
9266
7245
6905
14148
6868
11218
11147
3958
12082
6547
2364
10989
8653
11313
13508
3925
3939
2571
13015
4291
11731
1357
12320
4264
7240
7463
3778
1266
11458
15057
2860
11934
7890
3762
13510
9729
3072
9267
5387
13167
14866
5257
10099
14171
11842
11213
1744
7594
8025
12691
7752
1882
13112
12520
9134
5183
3305
10298
5174
3273
7536
12724
11669
12354
3745
11468
12755
11750
11476
5657
3447
13787
5562
11887
2209
9848
1843
1183
1651
7405
8476
10445
1956
13832
14422
10738
11792
4035
10713
4084
2835
2962
10985
6871
4522
13157
12567
942
13765
3386
6314
9115
10589
11107
1188
10952
14694
9574
856
3024
12169
5421
5473
12795
14531
10044
9576
12476
3531
5225
2963
4061
10443
2857
2986
9214
5993
4467
12021
6063
8896
10407
7462
6036
13878
11895
14128
14134
14115
1134
8480
3062
4971
2690
6059
9384
8745
9678
13913
14306
2744
1113
14932
12707
4139
9551
8543
4743
11434
5320
9361
1411
8757
8797
773
12636
7716
14628
2414
12364
2849
8732
10704
6061
5603
6403
5720
14630
12314
181
8989
14167
2087
6179
976
8450
9332
351
7721
5095
1803
14016
2003
4172
9483
14071
9853
3854
9382
2354
1742
9672
6549
12531
5264
5813
6569
6385
5724
2796
7617
12363
6156
12045
5143
10875
14587
3792
378
14309
2981
396
9939
6021
1329
5374
11780
6379
9073
6674
7817
1010
85
226
6373
8360
10774
2412
636
11633
6942
13872
12414
4255
573
2335
7701
603
11007
5227
9373
13834
2336
2953
7295
6022
10940
1528
5125
12856
9712
9769
362
8416
11408
13134
13551
9403
6793
10747
4764
2497
12646
1697
2358
8235
14659
8238
3080
12315
7187
9694
5511
9577
4225
11379
12285
13655
8358
5151
10607
5370
9444
3385
9921
14091
3669
7260
14693
9641
428
3347
5004
3059
11314
4982
6338
5512
1646
1234
6920
4867
14231
11510
4138
14532
14340
1127
14585
3999
12184
6169
13839
6007
9273
3118
8467
7926
7706
1655
12457
535
14388
7339
5565
7830
4117
3483
7734
4830
7498
13471
5448
4712
3819
7241
10225
2547
5754
5598
1280
3616
9835
8448
3221
4072
457
14724
5383
12654
1147
5495
12939
8424
13515
9735
3022
3092
964
11233
2532
13590
7719
8245
11832
9809
5418
4819
7671
2983
1289
74
238
5653
3252
12570
1702
5637
11793
12689
3640
11933
4119
9312
242
8328
4317
4691
1437
6495
8548
2227
9201
9840
2357
8544
7736
11846
7872
10863
3924
4771
4412
6961
7992
8273
11624
9731
10848
10531
12139
13512
4727
5669
11133
7759
7713
5516
6781
7378
2022
2682
243
10758
4176
3845
7996
13175
11436
9135
14147
7768
7779
10930
11197
2016
8720
4414
10667
11784
9656
15054
8575
7412
8854
7035
11923
11136
7699
8399
1106
11872
12990
3774
6507
12745
6299
2185
6292
8721
11439
5386
5469
9173
13182
15042
301
5163
13331
14193
12027
2975
10983
7667
10773
10367
495
11151
11206
11418
14499
11870
14295
11322
715
11979
12904
7737
6062
2055
1338
15075
12498
120
1395
7546
376
1085
12117
3247
932
4848
10383
14012
10715
8250
9789
11670
2218
11791
13944
2194
3781
12245
2222
712
6962
6295
4856
11825
12685
11596
2452
11326
11377
7227
10917
10374
9448
425
4788
8346
12860
8587
4094
3412
14449
9265
366
11964
2615
13019
5472
4093
3125
15111
4839
1101
7943
488
11785
14491
11877
7404
7833
14178
14461
5162
11606
6631
7717
2223
2220
9376
9661
14742
5659
12617
6166
10179
5217
9708
13863
13504
11879
10851
11331
3764
8939
7537
7809
9080
10880
1789
6779
4483
2181
3121
4274
13320
5864
11916
7632
14221
8958
427
2583
10388
2862
10173
13522
14986
7644
7453
6822
14043
7334
7935
10112
6692
3579
4284
13064
7924
2723
9918
10392
4266
10368
2207
2733
6890
11939
3392
6523
726
15000
8806
10157
234
4289
11861
2772
10700
14516
12259
4408
10915
12746
6966
5850
8919
4383
6412
13539
9841
5690
6506
1749
7315
14149
10959
11461
3388
1160
426
14668
6780
14677
1104
13540
13735
9849
2567
14404
14657
2564
2048
2639
11238
12110
885
13538
12421
155
7753
9696
6940
8441
9795
2767
2620
14505
5515
10203
3726
4124
3950
8674
9886
12905
11847
13645
12952
14953
129
994
2523
14400
2868
13668
12102
7226
2139
13573
8540
13891
13892
11103
14027
8401
13808
12765
12109
13506
9901
3716
9718
6390
6392
6391
3520
2472
6852
6394
3157
348
13537
13013
6575
12504
9620
11801
651
13999
7552
7560
12079
3456
8817
10912
2068
12639
7971
14377
1203
5773
2969
12409
4477
2764
10816
9779
5934
14356
9526
13817
10944
13870
14931
9785
9323
9440
5373
10464
3445
12603
9527
12793
5717
5460
4793
5043
628
108
5005
2749
5128
7426
960
12799
13488
9529
11304
3199
178
7896
3943
7828
2743
12704
12708
11689
8482
14412
5702
8882
14578
14211
3672
13802
1112
8300
11354
9671
9834
14733
5112
11143
12668
3568
10557
12903
10746
5142
9468
2808
12249
7861
2641
10342
4879
5965
3532
14535
9723
2979
11332
1957
9457
2020
9815
7213
10239
3366
9306
1727
11353
14567
13648
11557
9863
6469
7871
1816
3276
11006
13484
10921
13771
4430
8374
11003
632
8365
12393
8754
11203
5332
9346
15086
3374
12985
6965
605
1907
444
6642
5668
6567
3495
10970
8404
14998
3277
9988
3596
10872
5190
7063
14283
9740
4106
14392
12042
13936
9041
5404
1276
1128
14701
9715
5380
5573
174
6576
256
2070
551
8562
9679
4100
1585
6140
2978
8198
12441
6182
6080
4111
8812
12675
7175
5333
8321
5579
5204
8711
8900
469
7806
12866
7278
9525
478
8175
8011
12705
4969
11281
8992
3074
9589
8707
9271
1455
6618
14160
7406
3729
7563
9528
2416
8341
5751
3155
11514
12674
1754
7770
14528
1726
5444
8642
12348
1287
7961
3785
157
2874
10620
5937
4000
11257
187
4466
2012
6023
10717
14463
2077
3960
11779
1587
8805
1080
7087
1734
15039
10086
9879
4065
1855
14951
2410
9037
14468
13558
11359
11265
2883
4014
5382
15016
14304
3433
12076
9447
8635
8663
4858
11822
8640
445
11882
12891
12559
277
11343
12694
13528
1081
9797
9711
3942
4411
4077
4019
3071
357
8208
8311
9300
9767
6116
5581
1925
7460
14825
4415
2621
12406
3959
4287
10170
5419
5957
8584
6914
12460
11338
2177
13126
10610
12980
7725
1442
4529
6524
4249
7735
569
14934
3977
335
11375
9768
13521
11810
2683
6655
2122
7443
7009
3354
14181
1271
7541
13458
11126
3712
13278
7151
5517
7437
10399
14292
1410
2602
4071
10248
9518
9984
12451
9759
4527
7540
10587
14146
9270
7047
9321
7819
11850
8807
7657
2145
13243
13349
8921
515
1666
14255
14899
14407
12379
8483
12607
14189
2635
4244
13337
9371
5816
8396
4290
5018
8114
7451
7223
14508
15052
9192
13377
2347
9530
9262
13940
3979
6806
13075
8733
10982
6352
4373
1852
11915
9258
3642
934
7700
4365
12741
11969
7758
12763
2856
11347
2092
15104
14522
3742
10897
13654
12382
8865
4981
14503
9999
5352
15070
5154
13168
9899
9334
1171
9480
54
12816
9378
1842
2678
13136
5968
4353
8418
493
6222
13194
2965
3984
5490
13639
2734
4517
14765
11649
4774
3952
5614
7542
8229
7664
9415
11110
10376
15045
374
1371
5049
9950
10259
2566
5300
12254
9209
2090
2449
3807
3799
3971
15031
231
10817
11682
12330
5485
5913
10776
8966
2147
3711
2679
11612
13726
14979
2624
9788
4736
8634
9443
4805
3584
7874
10876
14828
1593
4840
1470
13865
7199
5863
14684
15072
5423
11804
4351
6800
14177
2562
3027
6552
2054
6711
51
9241
6223
7705
8622
13563
3256
14837
8102
9732
4059
5841
5862
5479
1103
11177
7262
7757
12568
8863
9419
8864
12616
13198
11886
9421
14303
14856
2214
11816
8799
9784
7519
2799
6963
7550
2205
14276
9242
7428
7440
7409
9364
8216
1327
12218
13372
3733
1656
4754
3913
7820
14741
1017
3171
2153
8801
3408
5824
13074
14829
14083
2204
11900
6916
14922
2049
11229
3770
3597
1394
9436
4703
7578
8632
4050
10950
8579
10305
6443
14179
2751
11276
10740
1740
1716
12614
13353
7738
9655
6050
12260
7851
6350
6776
4722
3663
4914
9409
9989
14989
10903
1170
5327
2694
11169
3186
8728
11849
9299
6789
13073
4748
9013
13071
13072
8585
5328
3293
5212
13328
10923
11112
1717
2968
787
2489
8956
4759
14682
12585
1485
4513
9476
13291
8291
9290
6581
2315
14620
10901
11835
12350
10337
4367
7771
3613
2197
14696
9946
8107
4409
8976
13006
6811
3560
12273
5860
1812
13374
5589
13798
624
1730
8415
12138
786
6124
14676
653
7619
14113
8485
12588
2517
8310
3941
14692
13706
13589
12942
13493
10272
14257
5830
11697
3051
5214
5215
9367
1701
10082
377
6695
6653
341
8225
14131
4146
588
356
3302
2528
5014
14540
1991
9272
2229
5453
9381
4832
12055
183
6643
1149
6508
2460
12711
8749
11709
13912
3057
3927
8629
3473
5748
12214
14637
5381
1314
1814
3588
11305
3351
12215
10625
13733
3814
5084
10471
5601
1729
1260
9894
9406
14561
3052
5422
12349
11547
1532
146
1575
14124
13650
7126
6028
2
14833
12813
3310
7457
2802
8506
9546
3232
6029
1840
14327
9408
13363
7953
11443
13835
8786
1258
6498
5119
9388
1615
8813
12352
2524
1691
12658
2344
7341
14378
2159
10757
12582
9305
14530
12026
9237
9648
6658
602
3728
5464
10292
9852
13698
2693
4364
6602
3638
2611
13211
9781
2053
3342
8673
7288
13855
4913
3346
12687
11420
12189
14613
11834
3517
12123
12993
13942
3735
3508
3176
3272
7625
2124
11911
4366
4013
5499
3143
10243
5812
12062
4892
14041
8831
13948
11183
385
12938
4962
1312
10819
8747
429
11374
6077
3028
2697
6660
151
11130
3075
10043
5795
13254
7086
13210
13023
13145
562
7078
5680
12103
11457
1328
7663
211
11336
7952
8161
6586
2770
8003
13366
9461
8586
4292
4751
15025
1881
11153
2805
232
8339
11998
4779
11325
12958
6770
15047
2718
13492
4686
7314
10762
4531
4212
4045
11802
5023
3966
8546
12592
13356
11453
13226
10606
8661
1512
7875
8715
11782
10060
5484
3019
13055
12569
7072
7843
8872
9425
11465
6056
13249
14201
14755
4018
13184
6500
5593
11260
11383
10114
10457
5572
9539
13743
6305
13181
5584
10438
2400
8386
4169
9844
14093
10891
10932
13850
7892
2098
7414
10843
3409
1628
7408
9390
10350
7810
4826
6343
11187
2131
9475
3361
3228
3554
4829
506
3411
1698
11681
5800
7702
9880
3844
3210
6623
9772
6782
7399
1640
1121
5365
14103
14186
8908
7746
9654
2047
3639
10839
11488
333
708
11844
6617
9682
2613
707
3422
6303
713
7520
2599
13941
7764
1469
9895
597
724
5150
9951
8049
10097
1125
6306
4790
13938
5636
10887
7146
10136
2226
4304
6960
11286
10251
1214
7708
7427
1037
2188
2645
3756
1570
4258
9052
7781
2051
4783
11807
8356
4157
10889
8007
5652
9389
9693
2549
9660
8193
10865
12251
10171
11435
5703
9662
2681
6848
10503
2169
9370
5592
3655
15092
6818
6810
12571
7465
9796
3619
8457
11030
1399
3368
11957
7448
2560
4058
8829
6164
3605
11477
1664
9417
7761
9730
7197
10058
498
3889
2149
14658
6984
8252
2515
8736
13052
12671
2032
5158
1120
8828
11123
8113
2144
13053
422
10199
6504
14764
13166
9477
9456
6315
2806
7431
3784
4257
14995
2966
10379
2961
14929
4300
7599
8656
4797
4242
11858
294
8403
4253
2771
2584
14501
8109
7910
10866
4718
10389
1143
5660
5481
7032
1630
5568
12435
12057
11198
2200
13306
59
11120
614
5161
12383
4178
10833
5160
12248
11391
10749
3353
7294
13057
3036
14184
610
5033
12308
10760
2776
5559
13845
5788
1381
1158
1959
122
13129
11675
10469
11972
8994
4434
11154
7909
13050
4761
10624
4329
6258
6257
7280
6256
7593
7147
2182
8874
6190
4791
4785
2601
5861
6812
6422
8148
3607
5094
7603
10084
13480
8445
6607
13038
8364
9917
13740
1892
14132
10454
5551
3988
7590
9397
9689
13465
1033
13364
5947
6188
13582
4940
886
8376
6828
8691
1973
9429
7846
14570
2945
3233
13943
6147
9125
3760
3867
3268
9605
4399
10270
12193
3759
13390
4369
13434
10935
1498
13371
8527
5736
463
3779
13122
14136
7503
8368
5019
2836
5198
11491
3341
6341
14256
11906
6351
13128
14880
6701
8794
3032
14752
2884
3578
8260
9675
13498
14830
3482
5451
5982
4068
1063
2546
2303
4716
14496
11263
879
8017
9175
6900
12119
3758
12077
4125
4001
14729
11287
8875
1206
618
9070
7129
3695
3765
10864
14431
9614
8808
9281
10092
11202
6923
3643
6562
3108
9481
6319
6139
133
720
185
5538
13419
3956
7863
13232
896
1041
10565
7727
1046
7852
3181
4912
1053
2774
9970
14243
5594
3269
5210
851
156
2037
3604
5021
6269
15102
9178
1558
5936
8788
149
11303
2178
9050
9324
11505
7508
5470
6088
14003
9161
10271
2201
12653
7095
8142
13444
12863
9233
1118
1290
5745
12792
1062
1515
1157
4713
2195
14749
926
10844
3757
1838
13386
12478
13958
14428
5681
4310
450
14009
758
2036
1974
3301
8746
4723
4108
13358
1220
15023
14655
13251
118
13215
3128
7228
8627
12836
12156
6564
6794
13417
13673
2898
4766
9967
9482
10083
759
5995
1078
2230
3826
3345
13357
10691
5287
6799
4772
12950
14725
11482
7164
7715
7782
10101
14427
10274
9786
9745
15062
9441
5501
8335
387
11999
6809
14405
5487
3567
13572
12788
6979
10283
14806
5029
2897
9156
8873
2692
2695
2102
13054
14399
15051
3637
11124
14387
13170
8495
8739
4433
11752
2714
10228
5025
13250
4285
8995
4739
6949
7823
13164
13923
1896
2215
71
14380
2777
4444
14942
4088
6512
12547
8984
8550
12627
4782
7137
13068
8756
11290
7920
7045
7595
14985
237
4064
14571
14489
9536
3297
2662
4208
305
7000
12986
10009
6225
7432
10727
8964
9685
5623
3109
8937
1705
4241
14042
12780
2184
9540
4265
12219
7006
15074
14982
13255
8591
6947
2213
3602
3251
304
13018
8649
11091
5482
3257
11930
5704
12250
11293
8774
4474
5030
421
11774
2563
10134
1448
1003
2225
8654
4380
12252
10847
4789
4803
6816
12341
9688
5842
5062
1202
10893
7204
2174
2565
9449
8734
5558
10411
7292
1665
1564
13148
10621
3679
9892
10453
11104
775
7108
4346
711
12426
1595
11188
1274
14059
4349
2646
5295
8547
6987
10317
4283
2677
7956
12889
12581
13191
10729
10726
10447
5867
10545
2960
4381
7964
10731
655
13464
7751
12183
10059
11607
12255
7718
12541
5026
9757
9431
5732
8628
9802
2886
15038
14656
5663
7695
10052
2557
2561
10946
4740
5506
12841
11437
2971
9663
9132
7058
13842
9193
2807
2853
3724
9294
9977
13040
12447
14077
12734
7384
1119
9317
10415
11382
7452
7549
5282
12822
12902
5385
11845
10945
14541
10448
4463
14199
2757
10223
2183
6570
4857
14542
13039
2052
9232
5586
2450
9597
10995
4180
8223
3352
11365
9460
8985
7886
3923
15001
4843
2959
13859
7136
5706
12676
10896
910
5155
12137
5916
283
436
4038
7400
11479
3255
116
14984
12529
5221
7490
10202
11122
12108
9608
7714
6944
6988
8977
2850
3978
13056
5946
9396
3612
3633
11132
10514
4476
9046
3780
983
9231
14923
3571
13183
13296
10808
5173
2453
5570
10689
14610
1092
8008
3424
10537
8914
512
10827
10538
13359
10980
2732
14906
13155
7124
2440
13305
13116
8421
10025
12812
4534
4273
7911
4097
8494
2117
14376
9039
10515
6234
3542
7642
11714
2211
14
613
11848
4741
5196
13048
668
12484
497
9465
2865
2887
10910
9828
10702
6913
3930
9523
14526
11372
3393
2078
9774
9438
4947
9060
14085
2074
2231
4692
7096
6772
13717
9259
13690
12562
8287
11811
4787
11639
179
9541
14299
11073
5253
5432
11095
13925
3926
353
5446
2241
2608
6815
4802
6831
4413
8949
6105
2885
8501
620
13143
5428
13879
15020
11986
278
4709
14039
5491
8866
3533
9981
6404
7472
7551
8997
5060
8583
2838
3617
1887
3410
11698
13316
11884
4695
14183
11093
12491
12510
8452
8192
3472
13763
3773
677
3603
5055
1809
563
6667
7674
8420
8236
7248
2060
9871
7613
7423
8751
2685
11256
4499
3241
6008
5356
3871
13854
12271
14017
14064
6313
5597
12450
10931
14288
6009
14622
5067
6599
5518
471
3503
11823
14602
8380
7749
13702
13846
2906
4869
2905
5546
13861
8433
14074
3309
8422
2617
13951
5596
14239
3442
11723
2471
5583
3005
9670
9380
3454
8844
4269
5723
12190
1520
245
1601
4809
5779
6189
6821
9269
6657
13268
1323
13555
5977
1822
8637
5235
670
7305
755
12162
3873
12852
10064
14858
13396
14195
4885
12436
11702
7698
2411
3782
9991
6921
6797
4770
4767
3087
10048
9952
554
11251
8217
11316
10721
5127
11597
14634
567
6875
12537
2050
8681
4549
748
6785
8980
10382
14374
3365
4360
11937
7648
13463
10524
14190
7417
1543
9067
4446
14308
14038
5821
8928
4731
3122
10183
4550
487
14418
11411
4798
7873
1761
9224
6353
7893
4817
1569
3364
6707
12686
3559
622
1895
3360
752
4162
7641
6980
12309
2165
15064
13016
1436
1406
10419
7643
8611
8987
14249
14363
4808
13061
8658
2592
15065
8655
5251
8090
11409
928
2135
11783
7696
14999
10763
10326
7150
6219
3893
1405
8431
14135
2186
10634
8783
717
14174
7386
12253
10633
7688
6808
423
4784
3516
12217
1751
1941
4735
3620
4309
10685
4701
1295
11936
11859
10580
2389
13354
9227
3920
11089
14099
14549
9691
11746
6691
4778
2216
14104
2224
6775
7495
7567
4697
4792
3041
7905
9377
2859
4015
10063
11280
5522
1284
12446
2448
1108
216
11913
6601
6244
7282
4999
2447
4267
11771
4137
8251
6946
8463
10850
8549
15043
8434
6805
1903
7561
6704
9600
14182
1710
7053
5683
866
2580
6820
4230
10521
11329
10405
13462
10120
2046
10759
3124
4060
12677
9945
10571
7744
4769
7974
10061
6796
10635
1004
2851
4700
7681
9366
10513
9867
14583
2494
2501
9418
14933
723
10319
13773
7973
2633
10477
12875
8400
10369
9003
14843
12632
12633
5752
6220
10049
9596
496
5856
8983
6588
9395
12025
7808
8824
3858
12497
6542
4200
1475
8154
1397
11
7880
2811
15073
8936
10534
7637
10660
4331
2593
5709
4689
4520
4678
4493
4795
6846
10078
10436
951
5028
13185
9900
4777
8676
12807
10398
3316
11205
1438
4699
3902
15101
5159
4696
6891
11674
11755
7265
10656
6705
4728
12630
8095
11161
12443
10451
11102
14254
9878
2365
4749
11756
2041
13000
10834
8288
12831
11356
4547
3700
4177
124
7504
6462
9001
8455
14723
7993
14430
2673
7441
5238
9709
929
5402
5369
11736
4355
3359
1924
4510
13939
11071
6417
6608
1239
3776
5507
9657
9372
13308
13256
4495
5909
3460
2152
6645
14366
14343
14025
10076
9452
11231
4708
13189
5789
14739
3659
962
4922
11131
15
169
2832
5930
11128
8299
8410
11806
13553
9736
6975
4388
11460
14559
6362
10911
337
3006
2237
5983
7662
5881
14952
2618
5384
1194
1970
12890
7235
13770
2913
4681
7666
8309
14487
3278
3976
7162
4800
12335
11413
10260
12178
13731
6530
447
13799
664
1065
4675
5394
6503
12431
7949
3820
863
11655
9354
3163
8979
7030
14529
3314
10352
14280
8052
1673
10644
14861
4958
8538
3246
2813
9303
8388
6333
7038
8690
12078
9410
1837
9074
13671
13244
14527
10737
5318
14821
13621
12148
4089
3192
11637
8941
225
9172
763
12978
8512
1141
9971
2483
13405
14745
15008
4964
76
13630
6476
3821
9514
9513
12638
14678
9099
5803
1573
7848
402
4025
3691
2522
11975
1264
11184
13141
14842
7677
8139
13415
2996
2508
8122
6386
1110
3973
3550
5577
7128
6514
6382
2535
1272
12380
6767
5226
9433
11396
877
6027
2443
12454
14916
6788
13738
6584
8471
5931
6773
4693
6768
13233
4683
14421
11701
13131
9807
12475
1061
4968
971
4252
12202
4884
11345
592
13416
9964
3317
11094
1750
11967
10899
437
3945
6370
8993
11960
5585
1604
11363
14996
13697
814
9044
12666
7418
14827
8815
6863
7211
1659
3625
4746
4087
1161
8493
7707
12528
7133
583
3720
13898
13253
6991
9043
11138
4891
4757
10600
2609
8259
3615
8600
4246
7539
11386
8255
7639
13764
8677
5915
3180
7777
539
6804
3791
1156
130
8988
1645
334
10416
248
13309
9045
9032
9054
2045
2107
3683
7231
14289
8118
2167
4688
14217
10004
3917
1568
3875
1365
8354
12224
6221
9342
1387
11058
11171
5580
14939
4166
7722
9615
1556
2170
8492
14200
4710
10598
11965
13165
2585
7566
6937
11862
9226
1286
1653
6399
9000
10652
10676
2217
10574
9065
8117
10646
8592
4702
9398
2172
12182
6861
4949
833
14102
3921
4667
7011
2476
9359
424
6210
13163
11490
6910
8820
7281
4596
6395
15044
2421
9357
11320
1212
5966
13460
12552
13312
9512
12621
10237
7042
12563
8816
7099
3577
6859
8688
13461
6964
4634
14661
10100
15076
1213
12857
1105
14425
4729
4838
12153
6236
7176
10437
10000
7832
4747
1358
4799
9898
5658
12423
12848
4537
8503
14893
4280
3635
4540
10570
10213
7043
12873
14822
7755
4302
6206
7986
7107
12864
10175
11747
7313
2125
12440
7359
1880
2254
11826
1466
8453
3423
2699
13142
7229
5764
8074
4818
14867
9524
986
13138
228
10558
8136
4368
4036
10186
6276
1588
10118
10391
13043
8488
5808
10340
12205
4228
14420
7845
1441
12604
10636
2013
8099
3673
7293
11751
5961
6985
3266
4753
15100
11180
15049
4533
10771
7895
2024
8119
2503
2607
8545
11754
6888
7031
5853
8603
2378
5878
621
4730
11630
12779
12652
12024
9854
10595
3436
3906
7904
172
8693
13727
9780
11072
1596
6076
6526
12748
699
510
5086
5465
13575
4726
6778
12851
14766
9550
5031
14621
3069
4762
9392
9683
3748
1344
12455
14820
10829
1111
4070
1979
5248
1723
4046
6683
6672
14801
1719
1700
14616
7628
6055
1164
14574
12688
1417
10892
14368
4887
5322
10939
12728
11617
3661
2038
8308
11241
11446
6651
3730
6317
5110
6126
4468
2096
1759
13736
433
1782
13998
419
5400
6180
4995
5452
14379
12560
5206
7103
6548
4472
12838
13772
6558
11015
9239
8710
2818
9705
8857
3322
1393
14644
12163
5933
3777
8460
14401
3197
8671
11415
14826
8304
2484
13971
7766
5757
10888
1947
9493
11664
2730
11271
4295
4174
7371
4154
9147
1481
1077
13079
2788
2896
14070
13036
3481
1689
6325
5901
1288
9304
4687
12742
6771
7077
13307
7878
11716
3753
6517
10564
6128
4987
3355
4895
4806
6819
5544
14312
5496
9572
12701
12979
10231
1216
7620
14562
12665
12758
4272
11346
13454
11361
992
14403
4758
8793
11540
9801
11065
1179
1582
14553
10026
14738
11324
3223
11160
5719
7410
13966
14909
13123
991
7796
15067
361
5054
2605
10192
10590
10992
12370
14462
14414
4184
6924
6858
15110
7883
1793
14784
7658
15078
12265
10626
10378
15071
6833
5831
7180
7121
10512
8933
14697
7785
7145
7046
8982
15066
3007
12564
10154
1440
2581
11163
12867
11903
485
14511
6904
10530
7439
11732
12641
12422
895
13051
7535
8152
9336
950
14720
7776
12626
8832
9511
12511
8996
12829
10533
3123
10351
13111
11421
5483
5780
5992
7543
7638
12127
6001
14943
6889
14203
7963
718
9538
1611
7144
10868
13662
11074
13069
2338
4977
10614
9302
7903
6746
10178
12424
11493
14202
7093
14204
8851
11230
8913
12555
2010
12111
1379
7502
4750
12295
1773
11745
6832
12124
7051
7505
4837
12640
5814
10496
625
13811
1460
1369
440
938
4400
8395
14397
8004
13258
15027
8449
12946
6860
4810
14092
8657
14504
850
14698
10494
8718
7565
5828
4168
14212
13213
7842
700
10831
1786
11608
12561
7513
906
2597
2379
982
11691
10240
14889
7306
11249
15069
10410
1690
7374
10601
12164
12533
5846
9490
12028
1650
1616
9983
7253
4939
12300
13070
9026
8785
13920
1620
4130
2598
11520
14381
3494
11892
6869
912
9018
5273
10421
13737
3047
6879
984
5463
5366
73
8220
13607
12342
8679
369
1228
4347
11117
3763
14624
5475
1662
6928
5967
2302
9127
14750
12855
12814
11156
5504
1905
9320
11397
5166
6104
9442
392
14718
5731
12940
4871
8342
3094
9787
7769
13887
5871
1643
6829
648
8140
7814
12800
14185
1396
12384
15107
11019
11393
14769
9750
4096
11252
12322
14768
1418
7100
12194
2843
13760
1609
33
9843
13323
1549
1958
371
654
12444
14284
13487
2710
2121
5488
3990
1606
2544
11004
6410
6192
3982
6585
12487
177
13712
6026
4145
5521
10788
9903
2334
13946
8071
14293
6398
1047
1459
14232
7876
3280
7879
4079
11519
1544
7740
14524
1176
7517
607
1413
13803
13568
5124
9544
6490
1238
14849
5207
3060
5727
5528
623
14413
15058
11327
985
5193
12784
171
4888
12417
5165
11717
8744
10121
7
12619
13473
276
1627
4475
12988
11109
4773
5557
14424
12365
14209
11535
4028
955
5325
14894
6095
3715
3677
4219
14993
3714
11318
6967
2642
4306
9329
2668
8975
7906
10301
10361
14474
7179
13293
10227
4170
4281
10050
12019
8724
4297
12908
14175
2163
10638
15048
12543
7908
4815
11174
4171
5292
13135
10943
10690
11534
14736
15068
5932
4489
1310
8910
8830
3725
10467
11763
10358
7913
7143
11200
11865
12149
581
12433
524
7048
3415
13367
2667
3116
9033
4801
2595
15103
2600
15084
3418
13424
1893
13355
11929
3727
7831
2579
11381
12496
3509
7795
11504
368
11462
3662
4780
12187
9283
14234
10542
12556
12276
4605
4464
11781
13298
4571
5040
14758
13376
7163
3828
633
6264
10491
6294
2596
4592
6732
3744
8334
13297
5976
9206
4618
6252
2736
2119
218
8101
1810
4323
8325
12485
8876
1741
403
5612
2790
9896
5529
3480
7572
10498
2815
14704
10502
656
11753
4410
15077
2017
6316
8670
292
10973
6290
10664
11718
8247
1380
13197
13262
11515
5634
14926
10591
11062
3630
8414
2179
4211
10984
7733
10543
4677
401
542
8133
14823
2900
14705
7914
2647
4535
2161
4039
2910
10505
14438
7571
10191
13304
911
12869
10363
189
11621
11620
6752
3644
2773
4641
8408
430
458
10593
14331
14205
3170
10904
9284
3267
14472
8427
10648
753
11042
4047
666
14046
9040
12649
13130
3738
14440
13329
235
11376
13287
6952
13017
12495
3068
1657
11545
10032
692
3029
9591
8781
12453
2408
3801
1491
1632
580
230
10106
13782
5085
9580
12278
9966
8290
2709
11699
14315
14888
13428
14061
4223
897
6376
10795
5097
10657
10918
5066
8061
454
2754
70
894
9889
7407
11067
2376
5747
627
11767
9486
8237
5750
5929
5340
2331
3018
6372
4142
14568
598
14497
2148
12047
227
11721
14297
3061
1000
6038
5335
1324
2123
13221
1468
14345
13992
10588
2554
686
14047
3903
6002
8942
3737
11623
3789
14545
14591
4107
9268
330
4899
10732
6101
4543
1090
9497
538
7492
10375
10418
1218
14726
6803
13345
2775
14896
14844
4776
6983
8565
10031
8508
6823
3117
11708
10956
7732
2134
9985
4303
10647
12266
1058
6538
4195
13302
14002
10630
6277
12142
367
7907
5906
1644
1102
14498
11795
10547
13844
1580
3846
2206
3811
2196
2093
7318
2990
7008
7723
4980
6729
2189
6354
6489
3827
4359
3847
6281
4587
12396
4638
3593
4559
8981
8912
1775
1496
4548
5342
12877
14271
1999
13647
7635
4603
1283
4562
15029
11757
2091
8010
13413
14841
6539
7575
2262
6970
6098
5440
8425
11958
12828
7821
8823
12329
3120
7583
8827
14646
10475
3377
10898
12203
2187
14706
6843
13700
11362
2424
11157
1634
12781
117
7918
2467
2689
11480
15079
13271
4026
12101
14052
2094
1847
9191
7915
4196
5790
3575
12645
7919
5267
4564
11880
2158
5035
5549
5234
5272
11148
14065
5147
5041
7447
12879
2407
2318
12386
5569
8612
10790
7388
11829
14021
2323
13610
2779
6119
12623
6
599
4363
12226
596
7381
7105
3014
13954
7673
12590
2355
5875
409
9023
4328
10184
1174
5357
1762
10420
13593
11715
12727
5970
504
11808
13643
4907
10998
5530
3193
12294
12292
2793
5293
1559
11000
1391
6187
3150
6838
7083
12932
13626
4076
2162
9606
8889
3383
13977
902
5146
9907
7336
2429
1361
817
8063
642
10068
5286
1420
5582
5051
6632
2482
8062
3306
5907
2176
2381
142
3646
3381
46
14617
5120
14791
7361
9213
5002
8123
7389
13659
14824
1945
8091
10039
11654
1129
2356
15017
2319
695
470
6072
349
464
2536
11574
3008
6747
4625
12086
3141
9503
7182
4545
4676
4974
7177
14342
4578
3335
2916
13033
14776
13489
1572
479
1221
3001
4611
2929
14962
6740
4207
14323
13264
785
4632
4233
13935
1715
4906
5815
9628
7691
14968
1180
6324
8120
10572
1584
12861
8852
10662
13173
8108
6053
1625
2789
1982
15002
6978
12304
12837
9609
3370
7178
1952
14901
1359
12204
9884
14954
7433
5772
14226
5805
1551
4407
14274
10895
12311
11061
14441
9552
13937
5835
9349
6114
1917
4275
2726
6282
4118
6472
2781
8030
12849
2086
3448
2716
13397
10190
6212
2762
4518
4577
4865
11692
476
709
12572
7775
7360
2080
9095
4601
10642
8029
8006
11078
4335
4658
8504
10242
13804
7804
11787
8249
6872
6323
4825
9211
11239
2399
280
9394
8195
2304
11947
3461
2510
14282
8319
7889
1613
3891
9152
6737
4606
10617
6826
7602
8902
12310
12574
8382
6245
4521
10417
2586
12839
2359
7825
14974
1981
8782
7645
3947
8041
10532
2691
4191
10390
10699
10500
10364
10695
11941
14227
1178
2590
10038
12935
728
7450
273
12087
13968
1605
6758
6744
10221
344
217
10005
5975
14846
9330
5079
4927
11769
13779
3010
47
10103
13719
2351
935
11247
4091
5542
14589
13634
11250
5271
11017
22
5973
1478
5347
11758
14285
4099
7767
5242
12241
5279
13914
1400
650
12242
176
14365
12332
2845
2423
11001
1836
6000
777
3012
2817
8234
14056
11518
3153
53
3387
2614
7654
7687
1215
12720
5053
13644
11587
10011
13081
233
5245
1235
11275
7589
12589
13757
64
5277
11997
5990
7332
9587
4498
4152
619
5619
646
2553
1550
14313
12526
3185
5456
652
6380
5077
2175
3131
9585
1142
4552
2478
5599
5877
2004
685
3056
2192
3558
9949
2708
6698
2398
14669
10926
13592
12291
13432
11996
2259
6141
6268
12434
13403
11982
9948
5743
809
13710
523
892
14805
3011
2925
10091
12207
2745
10924
4629
14215
6749
2665
9424
5786
8149
10176
4873
6935
8473
13801
4338
9016
6439
13615
2316
13921
7327
8662
14966
5676
7894
11289
9015
10979
10957
10800
10802
9131
6273
11765
14460
6274
1571
4823
1042
7084
1908
10654
2268
8719
9491
5177
9472
11076
9340
13332
788
9348
15083
3466
3611
3610
9217
8012
7020
14789
6209
4378
11959
5872
12900
2794
11949
7276
8131
5991
11894
10132
8819
834
10640
6715
2702
3658
1771
9873
7094
7612
9091
11788
7299
7192
10497
4539
14667
8650
13292
10960
4379
9517
12523
10299
2578
11625
6459
4358
13301
13466
7582
6739
4610
5436
731
10010
4236
12165
1525
12288
12865
12744
14220
1747
2180
10744
9335
7568
2475
8660
6901
13327
6604
1739
2137
2292
14080
10981
4890
7853
14987
3731
7649
10711
12868
13044
1769
4276
7050
7815
10334
203
6521
9151
4572
8869
8145
5038
7930
4593
12157
13119
13246
7840
14831
6717
12527
7277
3835
8056
11648
6753
14465
8147
11423
1068
5424
2575
9076
11029
6544
14641
8067
1909
11513
9347
1619
191
2445
11764
7868
1830
7900
9064
740
8076
7258
12084
3648
8088
969
8038
4990
14273
980
4282
11349
2759
5818
2623
2763
14839
8027
5858
3719
13375
14921
12663
15007
14707
10302
1936
8722
6971
14790
4073
1208
7995
804
2834
8430
6721
2256
5848
6176
5480
30
4636
11619
9861
2982
11348
1583
2719
9568
2780
5037
13459
3281
3015
13477
10046
14062
160
8791
8230
12473
5121
1934
5390
14781
13970
12944
3680
10651
6893
3384
3243
13635
2438
12336
14737
11516
7661
7345
12430
11683
5149
4110
11580
12558
630
5547
1899
8103
11099
13699
638
7927
6669
5590
1953
8439
606
4017
4993
7786
7670
7325
11489
3160
12718
8528
4553
9862
9944
14383
9167
11008
6074
13062
7997
5167
10008
1303
11175
6017
8607
10449
1930
585
12237
79
5284
9754
9505
499
380
10406
6020
7514
8523
822
14259
3948
10167
7319
148
5807
6118
13608
1661
2199
6953
12945
10942
8239
4456
13823
12088
904
5705
3304
826
5737
1688
6201
249
3136
878
12943
6058
5044
9162
14053
13595
5608
4945
4558
8517
11525
6267
14777
8798
3438
4193
15003
7968
5852
5350
9485
11652
2428
11700
1998
10799
4393
11077
12870
13150
7189
7249
10798
13379
8150
12013
10133
15012
6969
1915
1932
12698
4186
4401
14771
4566
2548
10661
4332
9716
2104
2282
1563
1560
3492
11627
10797
3114
903
12186
6340
11815
14915
3686
12897
12618
1332
13322
11973
4165
6844
4685
13294
13202
2141
8146
9623
12041
4187
11463
8948
5989
8442
15061
13087
11950
6381
3859
8804
1140
10109
4402
2653
10510
7001
4277
12862
4639
14688
1978
2265
14247
2488
88
4188
7835
1579
6999
4628
4279
913
9883
7186
11875
8502
8652
11706
11079
3796
10408
15019
3039
13714
14456
1774
4602
8862
1211
9114
2725
11598
10250
194
9087
10233
647
10857
7017
12835
8253
11055
10287
206
7275
14792
1363
3723
2311
1245
6336
4933
12306
14975
14924
9416
14490
6930
12051
11693
10663
8645
1864
11301
4763
4589
2257
10698
1325
6318
4644
2469
14481
7938
4006
6565
8021
12565
12367
89
11694
9610
4530
3396
10291
11470
1044
14502
7458
14519
8569
2110
9297
3475
1352
2069
4238
3164
7600
10653
8953
8566
9079
4470
10551
7073
10782
4294
14268
1431
13674
14873
13972
11219
15040
6458
4143
10138
5834
4896
14967
6094
10137
6518
13447
1123
11220
360
14237
2164
1566
11594
1951
13577
14429
3535
1432
4462
966
921
3000
3380
11021
12238
7899
14063
2604
10594
4650
7605
8417
13754
44
12181
2463
14238
2902
10187
7607
12246
5111
5406
11261
12222
5197
12984
5866
635
11145
890
5571
7850
8059
12584
7518
9584
8387
9430
14417
5541
5392
10236
5606
8028
10504
590
1495
10023
963
13900
14352
8536
5738
11512
11524
12044
12913
10592
560
6193
3172
3159
8072
12525
914
11643
5954
10783
13748
1636
12759
12760
10665
3315
2491
13983
10628
10423
14702
11481
507
4997
14860
3878
7425
6181
2005
13449
5607
7616
11022
11204
6178
14011
2095
14393
14751
2306
13631
4426
1720
9877
725
14018
14045
3951
9499
1480
10659
6488
8581
3337
14067
8214
13632
2099
1009
6275
10465
15041
2707
6883
11351
13963
7694
2656
2210
2033
11530
13410
8158
13009
1270
2155
11092
1311
4508
10140
2406
3477
1059
9489
4008
8903
1755
11358
2393
6337
993
1776
1642
11837
6733
11075
4325
6272
11690
13314
4298
2298
4597
7139
1392
2420
10362
10293
13248
4194
14279
4327
3993
2977
10461
4905
12605
6792
13086
4682
8155
4814
12269
14037
11948
2492
6593
2997
14988
14302
4361
9096
5157
12553
12554
8697
5107
1663
10750
3808
9155
7459
1067
2392
3414
197
1772
10232
6205
10303
3624
7574
8188
14854
2116
210
9407
198
13326
2591
10234
400
5343
5180
12730
13090
2930
907
13311
11968
6595
7754
6348
5533
4841
11392
3245
14788
11951
4581
12195
9085
3406
11595
8302
13448
3425
6582
11836
14898
2360
11291
10110
14322
8073
4356
6583
2081
10645
1768
8320
5799
3580
10526
8725
9534
2594
8595
11760
13666
6857
14891
15053
14853
8209
10792
6263
11680
6262
1875
1456
4528
14198
2390
961
6032
11994
8054
11703
14557
5997
6213
6870
3881
6261
12459
11473
12333
8580
6250
10180
2307
6912
1912
11401
10147
13203
836
6254
13026
10007
11588
4120
8821
8419
1800
14028
2040
9313
10814
7581
12826
13411
1792
10597
7653
7652
8289
6010
2291
9170
11064
143
8505
3800
352
3685
13192
8525
9579
9160
7335
5052
13436
4083
14433
6194
14548
4248
5944
3294
10037
4016
14480
7858
7390
4063
7669
5105
14385
1254
2928
6578
365
1117
3946
5873
12715
2493
14375
10815
5413
13788
835
3678
13604
790
727
6633
12782
7765
7367
1248
3333
6069
7865
7857
14050
34
2126
9502
3002
14439
7324
78
7466
5865
13478
13790
14320
13812
2958
1035
13384
1808
12669
6227
7285
2612
9187
11217
7301
14265
1712
12172
14992
14442
3330
1022
11695
5414
147
6477
7855
12231
13412
13728
697
12573
6345
13688
10599
14654
8955
8706
6153
1904
2253
12761
5280
1243
8599
7442
12597
13010
4979
3523
11978
14869
4812
1446
1971
8666
10486
767
4416
8905
1918
3885
811
2065
6723
4560
13769
13319
3358
8248
14300
1914
14872
14925
10518
1770
3119
2278
3426
1074
5725
2260
8870
9159
13718
296
3649
10235
1820
2931
5425
10821
15028
3900
3901
5948
13877
8868
13303
6224
14802
8315
2468
7800
12220
3722
9092
2651
7731
11478
208
5199
10735
10380
10914
6605
1349
8218
4348
4334
3736
14917
2064
12749
4932
10332
10584
9197
14855
5477
10853
1919
4862
1516
5840
6873
12850
4103
14319
5662
14066
14296
7206
12200
7925
1368
8409
90
1269
12085
7836
11733
4189
5426
1489
11991
13965
10174
10220
10102
1681
6597
8974
7801
1032
1020
11020
10169
12264
10975
10222
13791
8726
12307
7788
4956
7138
2290
7368
7059
9048
12647
3476
12289
14024
10728
5822
4296
4853
12648
12002
6845
9182
5804
416
12832
11570
5188
7856
6238
2993
4645
13440
11705
11743
12716
4457
6710
11628
5855
3884
6968
1300
5917
1066
7110
9150
303
6369
14305
3187
14581
6366
9146
5809
6867
769
6248
6123
11105
13008
8444
8051
9075
6311
5117
11961
2353
4616
12733
3067
901
5708
5074
14596
14483
1906
3318
12098
4126
11150
12667
12801
5278
2727
9496
8257
10204
1591
12345
8134
12956
14073
3389
2459
2735
7957
2543
684
10582
9595
8470
1019
5536
2650
867
3934
13404
11087
3144
7312
8475
5178
7331
7929
3321
741
13609
816
2755
2964
9164
12000
12068
12915
57
8446
12599
460
14484
13993
1931
746
12159
3391
3870
5249
11246
4978
10962
3609
68
4492
5692
2999
4972
4965
3296
11651
12551
9753
5109
14663
9133
11622
2502
1581
3401
8402
75
4115
1223
11240
10560
12346
917
4140
13597
5847
265
382
14605
14980
6251
687
8064
4897
6249
6355
1848
13658
10104
1963
8556
4147
2572
12017
3546
754
11121
3282
2812
6754
4311
13931
543
1124
5631
5778
12126
274
11966
14850
6400
13986
4880
14783
12502
11016
12804
11980
14681
6841
4271
3761
13677
13996
1624
6950
2451
13218
1471
3534
4834
12596
4672
9105
12096
13612
2991
710
8314
7579
13633
1552
12820
5766
1267
1036
11970
8837
841
11954
11984
14964
7891
7326
1088
11398
14534
13091
14060
11962
933
3694
13212
7704
12695
10536
12770
10855
8058
12049
8668
854
1351
7279
282
9328
316
14868
215
12369
6592
9107
6741
10001
7692
6598
4612
12494
4005
4116
4898
9250
9251
14900
321
2998
14875
8143
309
9285
14815
10733
308
5175
593
2309
14703
7193
1857
5262
13277
13380
4849
8436
2300
1229
7479
10488
6874
13950
12827
15082
14928
14261
11817
8196
3752
7601
9986
4042
5782
12465
7111
916
13890
7870
5036
13029
2349
6467
3446
1154
1853
7680
13651
8945
14884
12236
2739
4112
5825
12371
4698
11137
12878
13613
7257
6247
5241
11528
11529
924
6081
6954
8516
2576
10019
7131
11294
1752
3841
8050
7049
1536
6766
5314
6557
11571
1242
3538
13695
10641
6730
7798
6957
981
10501
2143
8156
12625
2281
12736
7255
14410
13407
13918
10040
3079
7397
5427
808
2246
2663
7337
1530
1419
8053
13513
5471
1028
13932
1443
4985
2637
5189
5602
5998
5999
1817
12948
3175
846
13406
891
2171
4316
13693
3165
2109
2154
7491
7847
7338
6044
4561
6727
12644
5131
9724
9412
7494
3687
10941
14307
12429
1464
12505
14287
10719
13758
8740
2640
14507
14580
5138
2800
12987
3166
12097
8307
1346
13641
6670
1523
3432
14485
3443
12914
12578
14813
14443
12462
12953
11878
1027
354
12192
8009
1778
14878
11521
8034
11028
7655
8362
6505
12023
6709
13162
398
15004
7690
9253
5749
7994
7185
12208
11924
3416
11403
7763
9240
14242
7588
14272
10612
9535
4198
972
1675
6990
12898
7951
11955
14973
10323
9319
14870
1933
1850
3895
821
2426
3874
11245
14493
3898
6566
8211
7221
2234
10546
12803
13824
2072
7391
4217
7742
14874
6466
10643
11416
9143
13098
8969
4833
3660
9219
7774
7127
5090
14976
11422
12493
8242
3506
7762
12519
2866
9130
12466
5801
9387
7787
3419
1633
11728
9158
284
5857
9245
9291
5833
8112
9872
10149
1451
1798
12313
11538
2136
12296
1788
4333
251
14270
2987
4642
7772
7132
3430
6795
1055
4983
9255
4943
7937
4768
8515
4149
4506
12191
13657
7854
5526
14852
7085
9515
202
8741
14881
9292
12830
7070
2325
14277
4370
13930
6418
7923
1319
13339
11922
778
7309
2761
5914
10820
2388
4451
4915
792
4261
11976
2606
13614
7284
12029
4822
678
1167
1685
7990
14647
3935
13810
10426
4576
13967
514
4320
10506
13295
14786
8047
7251
13780
2151
11268
10658
13439
4029
12171
3016
8920
12461
13694
6679
7474
8792
23
13149
11033
14394
6675
4586
10517
4711
3890
5605
7989
3332
1674
12982
9112
14623
6887
2625
13825
12983
2419
5276
7592
9247
1403
3769
1482
13973
5200
3869
2383
12906
1735
10098
5378
5195
65
14362
5411
1600
1790
5412
9166
1301
14814
5115
2875
8971
832
3149
566
9920
14332
12811
14970
6231
4931
4350
14799
5713
3896
11864
7481
2221
996
2409
14151
12933
4565
10216
6802
7081
13672
6835
5949
4655
13383
7837
4657
13649
6761
6519
11940
2313
7018
13616
1377
11288
14882
4394
6933
1557
5539
13063
3692
11296
9078
10655
6486
3606
4877
1660
12094
14920
5351
2496
780
6876
5630
6533
12050
11195
859
12481
14760
4449
7066
299
14892
696
2039
8588
14927
14321
13715
6424
4861
7296
4569
3755
6291
291
10145
9195
295
4659
14770
6763
11827
359
9244
3987
2219
12821
11943
2203
12131
15091
1072
3543
3453
10310
3634
8898
14228
6559
1815
4886
4478
4268
12729
13089
11090
4591
8594
4322
13676
13092
12833
11165
5089
1168
820
13265
8240
1375
2312
12256
9254
4811
14971
8472
2659
11012
7864
6347
15081
14918
13911
842
3834
15056
2713
2138
10126
7773
1317
5315
14538
1408
6545
1172
1900
10528
4114
8519
7263
7254
4620
6731
14756
10974
10613
1366
10487
6463
8999
7317
8212
1386
8440
12656
7682
3066
10428
1130
7416
2610
11414
2294
2308
5673
6468
4239
1500
5622
11194
260
6253
1219
815
1150
10824
327
9959
12427
11888
3510
11666
11302
1486
12500
10803
10074
7805
7659
6005
9956
2907
11589
10996
10127
10999
14887
1457
1985
14055
14372
10051
2427
838
381
683
3113
1094
12089
11108
10029
14807
4453
13030
14546
14361
1950
13756
5988
4952
3107
5397
12757
7515
13594
6955
10069
14213
5102
13481
2921
3887
4232
3390
11517
14344
6652
12924
3134
10955
8435
2446
14245
791
13605
10905
13179
2255
2250
13267
8954
9083
6334
13347
13653
14798
13124
5303
9498
9089
8187
4240
2244
8596
10535
4654
10786
3883
2279
7135
1021
10801
10318
703
4878
8219
7897
5372
7316
13343
8496
12659
11974
10480
3421
196
11487
11227
1347
8348
14890
14298
6202
1225
14674
547
4585
1075
2729
12143
14960
3537
8105
2485
14919
6824
2173
4813
9194
12717
3802
5625
1680
2403
3868
6880
5534
10247
7159
8644
3717
4069
6332
4575
3548
12662
13988
11843
10430
8412
1226
14991
4326
10161
12762
6232
7272
14787
7283
5793
1372
13670
3904
3897
3751
5829
4622
5836
8013
1227
2118
1367
8097
4443
5806
1322
1122
10466
12772
5252
14398
1501
6720
6229
14005
905
8129
11447
2233
14730
315
4226
14876
14318
8615
12100
12326
1901
6606
14811
14965
4396
14845
9492
3701
5047
11860
4030
4397
3651
12385
13085
9071
10577
10446
8086
12912
11495
6018
1858
14997
8678
760
15011
14286
8810
10523
7112
4395
6464
4237
4148
212
7710
965
6278
8043
3886
12622
12916
9204
4960
2380
12977
1341
9020
8055
11429
11650
45
8070
789
13701
8367
10627
13665
3894
14847
13257
1621
5114
8316
461
6279
6365
13266
2649
14638
5294
6368
7665
13660
12419
5078
6738
4607
5283
14990
10024
6677
1676
5439
5071
14857
13576
10720
14426
14359
13548
3498
9592
5899
1785
7580
6255
1988
2655
8766
9223
5540
12161
3511
1401
6207
10090
1631
11539
2765
4994
1637
1505
531
8032
5893
13739
4209
10994
12282
12197
350
14728
5068
11599
10807
8738
5883
388
2758
14267
1910
973
5137
12232
12753
14597
5104
14673
831
13101
1777
438
2876
11869
7516
5868
1911
5672
7482
1502
9088
13080
1138
2418
1629
8438
10527
4299
13980
7264
1746
12880
10294
7270
13981
14690
8024
4599
9318
12819
5532
4582
6460
13102
8297
12375
6211
13807
12764
7116
10976
8553
3876
14246
12901
252
6208
8330
3500
7647
1966
6397
1517
11159
8454
10507
13691
10777
7333
11225
13566
6756
9326
3805
2115
4845
2652
8089
3458
3822
1890
10146
397
1071
11956
4324
4901
6855
11196
10489
12221
1233
4844
2753
3431
2289
15006
3003
11857
4851
14006
12472
14772
10201
12834
10639
13024
3933
11292
9289
8514
8947
7570
4161
7067
721
14774
14689
4828
1846
13915
2114
8018
2340
4263
1356
11995
2352
5908
6216
11644
7065
3479
3809
4461
7743
10812
1679
14034
2105
1333
11176
1374
5859
6757
7090
8016
4376
12368
4588
8614
7730
13922
10200
4852
6996
11221
31
11591
15037
10336
4216
803
6434
7149
1811
7104
8044
4141
8121
11254
10139
2287
12548
8338
4315
3397
8037
10723
8777
6619
4998
10108
1390
13234
12317
6973
6866
13628
2103
11146
781
988
6725
13103
14409
4497
4491
12092
9601
2277
14675
843
13953
8080
12048
7190
6329
4882
7195
7015
14447
5099
14808
3936
5810
8305
3295
1472
2722
11278
9094
2085
383
889
9603
1350
5145
798
72
1748
3439
2372
11532
9904
840
5647
389
6682
1175
5281
8111
5879
8001
12579
13603
14978
3713
14477
4704
6097
3137
5635
7208
14625
13546
10781
12917
521
12018
11533
14518
2073
9560
1736
11726
6918
3681
2858
145
1737
7303
3647
2371
60
2657
5974
12737
9165
4870
8631
6307
5075
10054
4192
10883
14264
14727
7154
516
2332
1862
5240
12116
8672
4556
3099
4386
11496
8901
6416
4619
6745
1926
12340
11272
3528
4900
1801
4293
1135
7430
3855
13600
8092
14914
6995
779
14013
7608
6436
14651
2746
8015
6019
10152
12020
3863
771
13997
209
5898
12937
13433
8036
782
13276
6854
10650
11449
3749
2669
12325
4465
5527
4450
14278
10162
3856
7291
10339
6457
205
9599
8181
12388
4245
6203
6853
13976
11803
6437
4570
8680
363
8243
8743
4651
10209
7196
201
4665
5876
1996
13099
2454
756
7689
2160
9102
10155
14732
5393
8589
4661
14757
7656
12845
3402
4904
8031
13299
14544
9002
1779
9353
10128
2284
11253
15088
3404
14977
11297
1043
7917
10365
10683
1299
4437
1334
10116
8552
1535
11323
8241
6906
7194
10429
13661
10156
959
11992
1373
6735
4663
14635
11977
7102
13725
4664
11917
7216
9021
4190
10473
13979
9169
12546
9113
15036
14851
8186
1330
7483
8682
10555
6736
4574
1678
7609
7064
13602
4623
4579
13259
7480
204
5633
13656
4398
9086
5770
7867
9093
14248
4312
2573
2505
7424
13060
8526
4614
15046
2385
14329
812
14907
2208
3836
12954
10312
10618
4227
10331
12158
10117
6751
14652
12842
15085
4438
4372
2795
10218
10953
1407
698
2769
11181
13104
9215
7488
6762
5882
12768
4872
7598
1861
8683
4435
200
5971
14785
1713
704
13275
9501
10403
13889
13003
1594
12030
6902
3818
6981
6982
848
5792
8838
5080
5081
2264
6474
7219
13350
4445
4715
14679
10761
12356
1859
1614
12624
819
11688
5065
14049
5892
5550
4836
5176
5885
12575
5087
2792
5341
5626
9958
2063
7082
3334
5889
7362
414
7869
898
7232
2728
3103
7394
6289
14671
2822
8768
1360
9860
9296
13570
12140
14349
9047
3382
4737
1126
7584
5039
8233
10012
8081
1562
9583
9558
4988
5000
9068
2703
2704
5897
3311
12651
14281
13959
14812
8617
2711
3553
12682
9875
8638
5409
10014
5261
4720
3179
2766
12228
9139
5171
4615
6742
13443
5362
8767
5302
13263
390
10522
10309
7271
1592
10919
13011
3083
1462
5187
9566
339
87
2377
4733
5870
13236
8084
4546
11919
11744
14263
11536
7816
8046
12418
7320
11115
2830
10123
9626
7233
9500
919
7478
7268
3020
131
4113
5135
3645
11851
5984
15014
10745
11501
8929
6703
6892
11223
4635
7109
3833
10413
8098
2724
1845
2193
10308
12210
7586
2101
7392
4213
14251
6908
10164
5767
2232
1561
8930
7955
10881
7079
2130
2574
7217
7464
13745
6865
8748
2263
8116
12175
3441
14981
6322
6702
11116
1781
11284
6899
14731
14494
10311
10884
1686
4649
14719
9014
13365
9337
12642
11486
4010
2988
6242
1804
7052
14650
3949
9177
5355
11312
14513
5353
6243
5091
13261
4156
5639
11068
66
8014
2932
5951
13260
7790
8413
3478
8040
9148
320
14482
7941
12168
12160
10578
1510
3732
15032
11509
1136
12081
12343
1851
4525
4452
272
10519
4881
13391
11164
7141
4526
6200
844
12643
4883
7273
2784
8179
4102
10929
1787
5765
4670
8197
7347
13675
5950
1452
958
14930
4948
1949
4031
10552
13031
1499
8045
14680
11285
12769
4583
4600
14162
1834
1320
14902
7393
7256
11368
10961
5769
609
14994
8042
199
1449
2272
13107
8834
13611
14051
6911
5874
10828
9066
2387
4633
2111
2348
4609
11056
11761
13144
8366
702
13571
11193
4637
10400
4568
6825
7207
1069
4247
11258
12362
1354
2791
6484
4524
6856
12339
14338
12732
12043
10964
4563
12894
12702
10963
10386
7485
11407
5098
13321
9059
3100
799
6266
9506
794
6511
13822
13012
5434
3082
322
10603
1237
5399
5275
3085
807
1173
1984
12230
6922
1507
3104
7298
10615
6589
261
9153
5535
7012
3174
4204
14633
9743
2088
14575
1948
6096
9581
13962
9578
8573
2108
12536
9198
7455
762
6327
13960
2228
10073
968
9199
4092
750
7202
9881
3656
1805
14389
1362
1589
7113
3115
7114
12918
12469
4500
9136
5986
14351
6743
10030
1641
4617
1503
8126
5304
7387
9621
6389
9909
14595
6696
6491
12892
6033
12372
12911
8952
9905
6198
12316
12934
4613
7585
9338
4387
13289
13821
639
3462
8379
10886
5290
813
5070
14317
6759
690
4640
8035
4584
8057
9246
7901
4647
11927
11158
8474
7942
13696
4507
10131
1477
1109
5113
4502
13545
11417
13106
10371
4595
1389
930
8529
4648
2676
8039
11740
13638
6270
15093
1187
13978
8033
4251
10583
14437
860
6485
13990
14972
12721
11402
2740
1972
4646
8078
4902
11577
4155
10387
14032
13989
4631
2276
13190
13110
207
9222
4354
12471
4441
8391
1586
4214
8530
9103
5781
7838
918
11579
246
5783
4215
5820
2057
4307
830
9149
6199
6237
12512
2760
11578
10197
11295
9090
2782
10725
1975
7686
8699
4436
13427
13716
318
6407
12818
13565
795
364
15015
2082
1348
10459
9055
8384
7789
7140
12740
7214
9022
13711
2235
10360
6465
213
7184
11828
13121
13583
11572
12344
2391
11963
13994
13549
13640
14910
2322
13795
6840
293
7650
10925
12955
10401
6296
7728
4671
8333
10478
9100
2477
10322
7311
7797
10789
14161
7261
5768
11428
8621
6478
13751
772
12280
10142
9144
7297
10207
13678
1097
8737
4210
6755
548
4160
9243
15089
7089
999
5978
14636
3838
810
15009
4439
4653
13991
10141
2299
8761
8184
11224
2333
12279
660
12790
8700
5330
14912
12887
10822
14357
4075
11719
9157
1946
14054
730
2741
12786
4580
876
661
12177
5711
8731
3403
7234
14649
3650
13238
5152
11821
5182
1240
3816
572
7678
5675
4992
14044
3573
8701
5632
14816
14848
525
14648
8762
1703
14354
8763
7172
14594
7013
1709
7330
9890
8892
2245
6196
7118
7117
5324
5323
729
945
5693
944
931
12805
2293
14547
7372
9593
7377
11560
7220
1967
530
1860
2899
10682
11831
2479
9185
9186
3747
6359
7169
8295
5395
8294
13324
805
13747
4868
11562
2537
10602
1898
1764
2895
1994
52
5678
9154
13588
11475
13587
13774
8765
9629
6837
7203
61
6048
8397
6331
6358
10056
2721
5775
11805
5819
7945
8836
7898
6534
9910
11270
10629
12806
3527
10586
1590
11575
14525
1806
413
5181
5123
14435
4706
1540
7493
5305
11027
13805
9025
2273
11618
1378
4630
6750
7120
11228
14262
13290
10541
86
10724
13220
10396
5134
6377
3101
6885
1522
6154
1364
7215
1497
9122
4989
192
7119
6620
10766
6401
6438
10160
10637
11590
6321
5317
6724
15013
1799
979
10384
12056
6510
11472
10520
2819
12876
195
2106
13975
4627
12281
13886
8065
4666
4220
14014
3502
12895
1829
915
9598
14809
10611
7969
14838
6834
13279
13399
998
6240
1683
770
6406
4908
6925
4504
8077
10712
11830
4624
6728
11367
8923
10568
7489
1976
10701
8779
8443
9053
2321
15033
7039
67
5467
776
10556
13426
7902
8087
11610
14957
5787
1920
8066
6442
14810
15090
4590
14163
2320
2417
4270
11586
6414
13752
10402
2814
10675
14244
4185
4448
4440
2456
1687
922
1439
4442
9627
13156
7061
4218
14911
13105
11541
4866
9488
7778
4604
6571
11298
10129
7148
12595
5116
10902
5794
10965
10791
11818
247
7153
14333
6298
1217
9117
10674
11226
10210
12361
11646
12947
4153
12196
9027
12796
2297
13097
13028
11820
947
1576
11427
13280
10938
4254
4598
1458
9263
10105
14010
2954
434
509
14416
5430
10631
8392
10470
4460
5854
12389
6226
10188
13969
10818
2142
7981
10569
9954
12198
10394
11687
13995
4973
12374
5
9495
1508
1506
975
4503
1133
5894
11631
2938
13096
4714
12926
7212
3689
793
9521
14558
14775
8437
3106
2071
1964
14341
1965
9911
14008
3740
14325
14691
9564
3202
7799
5408
9868
11581
9571
410
121
14258
1990
1577
948
9929
12655
5106
13125
9955
4305
12997
8085
1060
4957
13235
10036
3135
9494
1784
10928
12600
13027
8106
9522
9960
5349
8704
797
4222
9594
1548
13219
12039
7158
7982
11918
8825
13034
4734
1546
14029
9024
1835
4567
11737
13961
7931
12817
6396
455
2415
14670
2622
9028
10359
1597
1479
8182
3375
6475
9316
257
11653
4542
10958
849
7225
14645
6260
12660
579
1465
9504
825
49
3102
7352
997
8692
6734
1797
10440
13193
12714
8204
4490
10954
2113
2437
8293
12046
2786
667
6509
7469
6046
13334
2737
12358
4485
6636
12542
10130
4523
6839
829
9145
5985
4509
4621
7726
13776
9168
4479
2473
7966
6546
1844
9082
14871
11366
4573
7156
14762
6446
8684
7209
13283
15030
14959
7044
10181
8005
8518
10885
8601
14539
920
12825
14653
1902
11024
3627
9876
8593
14164
3054
10765
11786
12290
91
163
1841
7259
10230
824
1326
3980
11216
2261
6532
4821
11057
6335
8210
2286
1132
7676
5136
11993
6671
6827
5712
2305
10710
4469
8809
10730
7573
7597
13806
11684
10482
7230
10409
10458
5941
9072
806
4680
13985
6624
1602
1509
6722
1302
11981
10796
3551
1447
13059
11824
4501
12438
5755
1376
7473
2248
13974
4652
3037
3084
1504
1635
6288
12040
5100
5739
3110
5076
1692
796
10516
14818
2382
10033
12921
2627
5746
13084
11636
12034
14339
14222
3918
802
7827
9563
12927
10053
14048
14328
5288
7948
12754
9567
9163
9912
12038
14324
10894
12920
9556
5611
14326
5377
5274
5371
11565
12928
13037
4555
3882
14229
13741
13245
6456
12885
4557
7115
8110
5403
10826
11794
14436
6836
3444
4976
5429
1034
4205
2384
13895
10111
3231
13216
13217
2140
3746
3741
12492
7947
3570
9611
14358
10937
1935
10034
11616
12036
10632
10016
5256
1608
3142
1677
14336
7210
3459
28
11720
8576
11144
11431
8451
8742
6594
11983
6716
10671
2582
10722
11789
3435
8306
12270
7356
4098
6712
10119
5391
8082
1345
5869
13955
9957
4484
4235
9229
5466
4385
2499
6864
11023
7415
11454
2330
823
8060
13346
12544
7912
6454
13627
7274
6228
10122
12722
8079
14913
1648
15080
4643
13174
4243
537
8571
3842
10575
6455
3899
10450
11526
4934
10680
223
12843
7080
10539
10481
263
9507
9081
4594
7252
6553
827
2570
10548
3817
1567
93
14877
4707
5316
925
13360
5791
12099
6919
974
12608
7200
11925
5718
12824
3399
3493
14632
7160
818
10158
14252
10474
10529
8124
7322
5308
8698
253
7171
3471
10057
9333
13389
10585
4086
11742
7822
5900
4967
12240
4656
1954
6760
5904
1307
1553
69
9084
11026
193
10095
7174
13109
6726
6951
190
8394
1467
1031
14721
3688
9565
6004
12931
12065
10692
12229
3750
7004
11546
7591
14685
9961
13438
7060
9562
6487
13108
10439
10027
505
13385
14348
9586
12402
12930
6070
8590
10708
9962
14588
14640
10015
5887
2628
3093
4626
6748
2314
6215
2067
7999
12274
1731
4874
3536
456
6049
6034
2283
10021
4345
2891
14560
250
9128
9542
10006
12130
2247
12844
12670
7370
1997
774
10490
14411
15026
4608
6718
7802
2756
12244
1029
2066
15034
1252
7363
12277
10678
10168
13159
10714
6886
4133
13325
13475
11645
14364
13759
5905
7983
801
11063
3862
7041
4330
1796
1555
11615
3398
9612
11790
9108
8075
6031
12035
6312
12381
13317
95
1526
923
10017
94
14337
13689
6131
12166
9963
5987
411
92
5208
5209
11891
14687
3073
10195
14642
5943
7420
4536
10993
1545
1682
1732
12437
12884
173
13746
2752
1494
5710
9590
7007
7939
5179
12456
12925
6235
6297
12452
2923
7470
1518
12373
6084
5243
12815
6714
1450
12923
13435
13252
12893
13402
12992
7967
12712
13472
1670
9604
12919
6600
1547
2661
10623
3055
4538
13195
417
14584
2626
6435
1795
2295
5591
4202
11494
7954
11613
10576
1684
255
14432
2731
5192
8135
10616
6428
10622
12823
12620
9908
11668
13792
3312
9561
11609
11399
77
1433
8735
11388
12442
11871
11592
5244
4794
3665
6241
11542
9923
13032
6265
13949
4719
7849
4313
6304
4314
8083
800
7429
9866
14886
14817
9922
8572
152
9350
1554
14639
8998
9557
5733
13574
2821
12922
9965
2249
3860
9351
11106
12650
3173
7577
12594
29
12550
5740
9569
11629
10022
8554
13916
5103
5141
3544
13035
6030
8132
8917
6068
522
7383
4859
2658
10596
12773
12699
12696
9510
3992
9352
10432
7170
14350
11096
4203
14057
6239
1490
8381
14058
5896
1638
7328
14373
6453
7729
13222
12929
1623
6862
1598
6052
13547
5891
9228
3146
6713
3734
12989
10709
14353
14260
6411
11141
529
3089
7885
